    1681
     29.000000   101.000000    10.000000
     29.050000   101.000000    10.000000
     29.100000   101.000000    10.000000
     29.150000   101.000000    10.000000
     29.200000   101.000000    10.000000
     29.250000   101.000000    10.000000
     29.300000   101.000000    10.000000
     29.350000   101.000000    10.000000
     29.400000   101.000000    10.000000
     29.450000   101.000000    10.000000
     29.500000   101.000000    10.000000
     29.550000   101.000000    10.000000
     29.600000   101.000000    10.000000
     29.650000   101.000000    10.000000
     29.700000   101.000000    10.000000
     29.750000   101.000000    10.000000
     29.800000   101.000000    10.000000
     29.850000   101.000000    10.000000
     29.900000   101.000000    10.000000
     29.950000   101.000000    10.000000
     30.000000   101.000000    10.000000
     30.050000   101.000000    10.000000
     30.100000   101.000000    10.000000
     30.150000   101.000000    10.000000
     30.200000   101.000000    10.000000
     30.250000   101.000000    10.000000
     30.300000   101.000000    10.000000
     30.350000   101.000000    10.000000
     30.400000   101.000000    10.000000
     30.450000   101.000000    10.000000
     30.500000   101.000000    10.000000
     30.550000   101.000000    10.000000
     30.600000   101.000000    10.000000
     30.650000   101.000000    10.000000
     30.700000   101.000000    10.000000
     30.750000   101.000000    10.000000
     30.800000   101.000000    10.000000
     30.850000   101.000000    10.000000
     30.900000   101.000000    10.000000
     30.950000   101.000000    10.000000
     31.000000   101.000000    10.000000
     29.000000   101.050000    10.000000
     29.050000   101.050000    10.000000
     29.100000   101.050000    10.000000
     29.150000   101.050000    10.000000
     29.200000   101.050000    10.000000
     29.250000   101.050000    10.000000
     29.300000   101.050000    10.000000
     29.350000   101.050000    10.000000
     29.400000   101.050000    10.000000
     29.450000   101.050000    10.000000
     29.500000   101.050000    10.000000
     29.550000   101.050000    10.000000
     29.600000   101.050000    10.000000
     29.650000   101.050000    10.000000
     29.700000   101.050000    10.000000
     29.750000   101.050000    10.000000
     29.800000   101.050000    10.000000
     29.850000   101.050000    10.000000
     29.900000   101.050000    10.000000
     29.950000   101.050000    10.000000
     30.000000   101.050000    10.000000
     30.050000   101.050000    10.000000
     30.100000   101.050000    10.000000
     30.150000   101.050000    10.000000
     30.200000   101.050000    10.000000
     30.250000   101.050000    10.000000
     30.300000   101.050000    10.000000
     30.350000   101.050000    10.000000
     30.400000   101.050000    10.000000
     30.450000   101.050000    10.000000
     30.500000   101.050000    10.000000
     30.550000   101.050000    10.000000
     30.600000   101.050000    10.000000
     30.650000   101.050000    10.000000
     30.700000   101.050000    10.000000
     30.750000   101.050000    10.000000
     30.800000   101.050000    10.000000
     30.850000   101.050000    10.000000
     30.900000   101.050000    10.000000
     30.950000   101.050000    10.000000
     31.000000   101.050000    10.000000
     29.000000   101.100000    10.000000
     29.050000   101.100000    10.000000
     29.100000   101.100000    10.000000
     29.150000   101.100000    10.000000
     29.200000   101.100000    10.000000
     29.250000   101.100000    10.000000
     29.300000   101.100000    10.000000
     29.350000   101.100000    10.000000
     29.400000   101.100000    10.000000
     29.450000   101.100000    10.000000
     29.500000   101.100000    10.000000
     29.550000   101.100000    10.000000
     29.600000   101.100000    10.000000
     29.650000   101.100000    10.000000
     29.700000   101.100000    10.000000
     29.750000   101.100000    10.000000
     29.800000   101.100000    10.000000
     29.850000   101.100000    10.000000
     29.900000   101.100000    10.000000
     29.950000   101.100000    10.000000
     30.000000   101.100000    10.000000
     30.050000   101.100000    10.000000
     30.100000   101.100000    10.000000
     30.150000   101.100000    10.000000
     30.200000   101.100000    10.000000
     30.250000   101.100000    10.000000
     30.300000   101.100000    10.000000
     30.350000   101.100000    10.000000
     30.400000   101.100000    10.000000
     30.450000   101.100000    10.000000
     30.500000   101.100000    10.000000
     30.550000   101.100000    10.000000
     30.600000   101.100000    10.000000
     30.650000   101.100000    10.000000
     30.700000   101.100000    10.000000
     30.750000   101.100000    10.000000
     30.800000   101.100000    10.000000
     30.850000   101.100000    10.000000
     30.900000   101.100000    10.000000
     30.950000   101.100000    10.000000
     31.000000   101.100000    10.000000
     29.000000   101.150000    10.000000
     29.050000   101.150000    10.000000
     29.100000   101.150000    10.000000
     29.150000   101.150000    10.000000
     29.200000   101.150000    10.000000
     29.250000   101.150000    10.000000
     29.300000   101.150000    10.000000
     29.350000   101.150000    10.000000
     29.400000   101.150000    10.000000
     29.450000   101.150000    10.000000
     29.500000   101.150000    10.000000
     29.550000   101.150000    10.000000
     29.600000   101.150000    10.000000
     29.650000   101.150000    10.000000
     29.700000   101.150000    10.000000
     29.750000   101.150000    10.000000
     29.800000   101.150000    10.000000
     29.850000   101.150000    10.000000
     29.900000   101.150000    10.000000
     29.950000   101.150000    10.000000
     30.000000   101.150000    10.000000
     30.050000   101.150000    10.000000
     30.100000   101.150000    10.000000
     30.150000   101.150000    10.000000
     30.200000   101.150000    10.000000
     30.250000   101.150000    10.000000
     30.300000   101.150000    10.000000
     30.350000   101.150000    10.000000
     30.400000   101.150000    10.000000
     30.450000   101.150000    10.000000
     30.500000   101.150000    10.000000
     30.550000   101.150000    10.000000
     30.600000   101.150000    10.000000
     30.650000   101.150000    10.000000
     30.700000   101.150000    10.000000
     30.750000   101.150000    10.000000
     30.800000   101.150000    10.000000
     30.850000   101.150000    10.000000
     30.900000   101.150000    10.000000
     30.950000   101.150000    10.000000
     31.000000   101.150000    10.000000
     29.000000   101.200000    10.000000
     29.050000   101.200000    10.000000
     29.100000   101.200000    10.000000
     29.150000   101.200000    10.000000
     29.200000   101.200000    10.000000
     29.250000   101.200000    10.000000
     29.300000   101.200000    10.000000
     29.350000   101.200000    10.000000
     29.400000   101.200000    10.000000
     29.450000   101.200000    10.000000
     29.500000   101.200000    10.000000
     29.550000   101.200000    10.000000
     29.600000   101.200000    10.000000
     29.650000   101.200000    10.000000
     29.700000   101.200000    10.000000
     29.750000   101.200000    10.000000
     29.800000   101.200000    10.000000
     29.850000   101.200000    10.000000
     29.900000   101.200000    10.000000
     29.950000   101.200000    10.000000
     30.000000   101.200000    10.000000
     30.050000   101.200000    10.000000
     30.100000   101.200000    10.000000
     30.150000   101.200000    10.000000
     30.200000   101.200000    10.000000
     30.250000   101.200000    10.000000
     30.300000   101.200000    10.000000
     30.350000   101.200000    10.000000
     30.400000   101.200000    10.000000
     30.450000   101.200000    10.000000
     30.500000   101.200000    10.000000
     30.550000   101.200000    10.000000
     30.600000   101.200000    10.000000
     30.650000   101.200000    10.000000
     30.700000   101.200000    10.000000
     30.750000   101.200000    10.000000
     30.800000   101.200000    10.000000
     30.850000   101.200000    10.000000
     30.900000   101.200000    10.000000
     30.950000   101.200000    10.000000
     31.000000   101.200000    10.000000
     29.000000   101.250000    10.000000
     29.050000   101.250000    10.000000
     29.100000   101.250000    10.000000
     29.150000   101.250000    10.000000
     29.200000   101.250000    10.000000
     29.250000   101.250000    10.000000
     29.300000   101.250000    10.000000
     29.350000   101.250000    10.000000
     29.400000   101.250000    10.000000
     29.450000   101.250000    10.000000
     29.500000   101.250000    10.000000
     29.550000   101.250000    10.000000
     29.600000   101.250000    10.000000
     29.650000   101.250000    10.000000
     29.700000   101.250000    10.000000
     29.750000   101.250000    10.000000
     29.800000   101.250000    10.000000
     29.850000   101.250000    10.000000
     29.900000   101.250000    10.000000
     29.950000   101.250000    10.000000
     30.000000   101.250000    10.000000
     30.050000   101.250000    10.000000
     30.100000   101.250000    10.000000
     30.150000   101.250000    10.000000
     30.200000   101.250000    10.000000
     30.250000   101.250000    10.000000
     30.300000   101.250000    10.000000
     30.350000   101.250000    10.000000
     30.400000   101.250000    10.000000
     30.450000   101.250000    10.000000
     30.500000   101.250000    10.000000
     30.550000   101.250000    10.000000
     30.600000   101.250000    10.000000
     30.650000   101.250000    10.000000
     30.700000   101.250000    10.000000
     30.750000   101.250000    10.000000
     30.800000   101.250000    10.000000
     30.850000   101.250000    10.000000
     30.900000   101.250000    10.000000
     30.950000   101.250000    10.000000
     31.000000   101.250000    10.000000
     29.000000   101.300000    10.000000
     29.050000   101.300000    10.000000
     29.100000   101.300000    10.000000
     29.150000   101.300000    10.000000
     29.200000   101.300000    10.000000
     29.250000   101.300000    10.000000
     29.300000   101.300000    10.000000
     29.350000   101.300000    10.000000
     29.400000   101.300000    10.000000
     29.450000   101.300000    10.000000
     29.500000   101.300000    10.000000
     29.550000   101.300000    10.000000
     29.600000   101.300000    10.000000
     29.650000   101.300000    10.000000
     29.700000   101.300000    10.000000
     29.750000   101.300000    10.000000
     29.800000   101.300000    10.000000
     29.850000   101.300000    10.000000
     29.900000   101.300000    10.000000
     29.950000   101.300000    10.000000
     30.000000   101.300000    10.000000
     30.050000   101.300000    10.000000
     30.100000   101.300000    10.000000
     30.150000   101.300000    10.000000
     30.200000   101.300000    10.000000
     30.250000   101.300000    10.000000
     30.300000   101.300000    10.000000
     30.350000   101.300000    10.000000
     30.400000   101.300000    10.000000
     30.450000   101.300000    10.000000
     30.500000   101.300000    10.000000
     30.550000   101.300000    10.000000
     30.600000   101.300000    10.000000
     30.650000   101.300000    10.000000
     30.700000   101.300000    10.000000
     30.750000   101.300000    10.000000
     30.800000   101.300000    10.000000
     30.850000   101.300000    10.000000
     30.900000   101.300000    10.000000
     30.950000   101.300000    10.000000
     31.000000   101.300000    10.000000
     29.000000   101.350000    10.000000
     29.050000   101.350000    10.000000
     29.100000   101.350000    10.000000
     29.150000   101.350000    10.000000
     29.200000   101.350000    10.000000
     29.250000   101.350000    10.000000
     29.300000   101.350000    10.000000
     29.350000   101.350000    10.000000
     29.400000   101.350000    10.000000
     29.450000   101.350000    10.000000
     29.500000   101.350000    10.000000
     29.550000   101.350000    10.000000
     29.600000   101.350000    10.000000
     29.650000   101.350000    10.000000
     29.700000   101.350000    10.000000
     29.750000   101.350000    10.000000
     29.800000   101.350000    10.000000
     29.850000   101.350000    10.000000
     29.900000   101.350000    10.000000
     29.950000   101.350000    10.000000
     30.000000   101.350000    10.000000
     30.050000   101.350000    10.000000
     30.100000   101.350000    10.000000
     30.150000   101.350000    10.000000
     30.200000   101.350000    10.000000
     30.250000   101.350000    10.000000
     30.300000   101.350000    10.000000
     30.350000   101.350000    10.000000
     30.400000   101.350000    10.000000
     30.450000   101.350000    10.000000
     30.500000   101.350000    10.000000
     30.550000   101.350000    10.000000
     30.600000   101.350000    10.000000
     30.650000   101.350000    10.000000
     30.700000   101.350000    10.000000
     30.750000   101.350000    10.000000
     30.800000   101.350000    10.000000
     30.850000   101.350000    10.000000
     30.900000   101.350000    10.000000
     30.950000   101.350000    10.000000
     31.000000   101.350000    10.000000
     29.000000   101.400000    10.000000
     29.050000   101.400000    10.000000
     29.100000   101.400000    10.000000
     29.150000   101.400000    10.000000
     29.200000   101.400000    10.000000
     29.250000   101.400000    10.000000
     29.300000   101.400000    10.000000
     29.350000   101.400000    10.000000
     29.400000   101.400000    10.000000
     29.450000   101.400000    10.000000
     29.500000   101.400000    10.000000
     29.550000   101.400000    10.000000
     29.600000   101.400000    10.000000
     29.650000   101.400000    10.000000
     29.700000   101.400000    10.000000
     29.750000   101.400000    10.000000
     29.800000   101.400000    10.000000
     29.850000   101.400000    10.000000
     29.900000   101.400000    10.000000
     29.950000   101.400000    10.000000
     30.000000   101.400000    10.000000
     30.050000   101.400000    10.000000
     30.100000   101.400000    10.000000
     30.150000   101.400000    10.000000
     30.200000   101.400000    10.000000
     30.250000   101.400000    10.000000
     30.300000   101.400000    10.000000
     30.350000   101.400000    10.000000
     30.400000   101.400000    10.000000
     30.450000   101.400000    10.000000
     30.500000   101.400000    10.000000
     30.550000   101.400000    10.000000
     30.600000   101.400000    10.000000
     30.650000   101.400000    10.000000
     30.700000   101.400000    10.000000
     30.750000   101.400000    10.000000
     30.800000   101.400000    10.000000
     30.850000   101.400000    10.000000
     30.900000   101.400000    10.000000
     30.950000   101.400000    10.000000
     31.000000   101.400000    10.000000
     29.000000   101.450000    10.000000
     29.050000   101.450000    10.000000
     29.100000   101.450000    10.000000
     29.150000   101.450000    10.000000
     29.200000   101.450000    10.000000
     29.250000   101.450000    10.000000
     29.300000   101.450000    10.000000
     29.350000   101.450000    10.000000
     29.400000   101.450000    10.000000
     29.450000   101.450000    10.000000
     29.500000   101.450000    10.000000
     29.550000   101.450000    10.000000
     29.600000   101.450000    10.000000
     29.650000   101.450000    10.000000
     29.700000   101.450000    10.000000
     29.750000   101.450000    10.000000
     29.800000   101.450000    10.000000
     29.850000   101.450000    10.000000
     29.900000   101.450000    10.000000
     29.950000   101.450000    10.000000
     30.000000   101.450000    10.000000
     30.050000   101.450000    10.000000
     30.100000   101.450000    10.000000
     30.150000   101.450000    10.000000
     30.200000   101.450000    10.000000
     30.250000   101.450000    10.000000
     30.300000   101.450000    10.000000
     30.350000   101.450000    10.000000
     30.400000   101.450000    10.000000
     30.450000   101.450000    10.000000
     30.500000   101.450000    10.000000
     30.550000   101.450000    10.000000
     30.600000   101.450000    10.000000
     30.650000   101.450000    10.000000
     30.700000   101.450000    10.000000
     30.750000   101.450000    10.000000
     30.800000   101.450000    10.000000
     30.850000   101.450000    10.000000
     30.900000   101.450000    10.000000
     30.950000   101.450000    10.000000
     31.000000   101.450000    10.000000
     29.000000   101.500000    10.000000
     29.050000   101.500000    10.000000
     29.100000   101.500000    10.000000
     29.150000   101.500000    10.000000
     29.200000   101.500000    10.000000
     29.250000   101.500000    10.000000
     29.300000   101.500000    10.000000
     29.350000   101.500000    10.000000
     29.400000   101.500000    10.000000
     29.450000   101.500000    10.000000
     29.500000   101.500000    10.000000
     29.550000   101.500000    10.000000
     29.600000   101.500000    10.000000
     29.650000   101.500000    10.000000
     29.700000   101.500000    10.000000
     29.750000   101.500000    10.000000
     29.800000   101.500000    10.000000
     29.850000   101.500000    10.000000
     29.900000   101.500000    10.000000
     29.950000   101.500000    10.000000
     30.000000   101.500000    10.000000
     30.050000   101.500000    10.000000
     30.100000   101.500000    10.000000
     30.150000   101.500000    10.000000
     30.200000   101.500000    10.000000
     30.250000   101.500000    10.000000
     30.300000   101.500000    10.000000
     30.350000   101.500000    10.000000
     30.400000   101.500000    10.000000
     30.450000   101.500000    10.000000
     30.500000   101.500000    10.000000
     30.550000   101.500000    10.000000
     30.600000   101.500000    10.000000
     30.650000   101.500000    10.000000
     30.700000   101.500000    10.000000
     30.750000   101.500000    10.000000
     30.800000   101.500000    10.000000
     30.850000   101.500000    10.000000
     30.900000   101.500000    10.000000
     30.950000   101.500000    10.000000
     31.000000   101.500000    10.000000
     29.000000   101.550000    10.000000
     29.050000   101.550000    10.000000
     29.100000   101.550000    10.000000
     29.150000   101.550000    10.000000
     29.200000   101.550000    10.000000
     29.250000   101.550000    10.000000
     29.300000   101.550000    10.000000
     29.350000   101.550000    10.000000
     29.400000   101.550000    10.000000
     29.450000   101.550000    10.000000
     29.500000   101.550000    10.000000
     29.550000   101.550000    10.000000
     29.600000   101.550000    10.000000
     29.650000   101.550000    10.000000
     29.700000   101.550000    10.000000
     29.750000   101.550000    10.000000
     29.800000   101.550000    10.000000
     29.850000   101.550000    10.000000
     29.900000   101.550000    10.000000
     29.950000   101.550000    10.000000
     30.000000   101.550000    10.000000
     30.050000   101.550000    10.000000
     30.100000   101.550000    10.000000
     30.150000   101.550000    10.000000
     30.200000   101.550000    10.000000
     30.250000   101.550000    10.000000
     30.300000   101.550000    10.000000
     30.350000   101.550000    10.000000
     30.400000   101.550000    10.000000
     30.450000   101.550000    10.000000
     30.500000   101.550000    10.000000
     30.550000   101.550000    10.000000
     30.600000   101.550000    10.000000
     30.650000   101.550000    10.000000
     30.700000   101.550000    10.000000
     30.750000   101.550000    10.000000
     30.800000   101.550000    10.000000
     30.850000   101.550000    10.000000
     30.900000   101.550000    10.000000
     30.950000   101.550000    10.000000
     31.000000   101.550000    10.000000
     29.000000   101.600000    10.000000
     29.050000   101.600000    10.000000
     29.100000   101.600000    10.000000
     29.150000   101.600000    10.000000
     29.200000   101.600000    10.000000
     29.250000   101.600000    10.000000
     29.300000   101.600000    10.000000
     29.350000   101.600000    10.000000
     29.400000   101.600000    10.000000
     29.450000   101.600000    10.000000
     29.500000   101.600000    10.000000
     29.550000   101.600000    10.000000
     29.600000   101.600000    10.000000
     29.650000   101.600000    10.000000
     29.700000   101.600000    10.000000
     29.750000   101.600000    10.000000
     29.800000   101.600000    10.000000
     29.850000   101.600000    10.000000
     29.900000   101.600000    10.000000
     29.950000   101.600000    10.000000
     30.000000   101.600000    10.000000
     30.050000   101.600000    10.000000
     30.100000   101.600000    10.000000
     30.150000   101.600000    10.000000
     30.200000   101.600000    10.000000
     30.250000   101.600000    10.000000
     30.300000   101.600000    10.000000
     30.350000   101.600000    10.000000
     30.400000   101.600000    10.000000
     30.450000   101.600000    10.000000
     30.500000   101.600000    10.000000
     30.550000   101.600000    10.000000
     30.600000   101.600000    10.000000
     30.650000   101.600000    10.000000
     30.700000   101.600000    10.000000
     30.750000   101.600000    10.000000
     30.800000   101.600000    10.000000
     30.850000   101.600000    10.000000
     30.900000   101.600000    10.000000
     30.950000   101.600000    10.000000
     31.000000   101.600000    10.000000
     29.000000   101.650000    10.000000
     29.050000   101.650000    10.000000
     29.100000   101.650000    10.000000
     29.150000   101.650000    10.000000
     29.200000   101.650000    10.000000
     29.250000   101.650000    10.000000
     29.300000   101.650000    10.000000
     29.350000   101.650000    10.000000
     29.400000   101.650000    10.000000
     29.450000   101.650000    10.000000
     29.500000   101.650000    10.000000
     29.550000   101.650000    10.000000
     29.600000   101.650000    10.000000
     29.650000   101.650000    10.000000
     29.700000   101.650000    10.000000
     29.750000   101.650000    10.000000
     29.800000   101.650000    10.000000
     29.850000   101.650000    10.000000
     29.900000   101.650000    10.000000
     29.950000   101.650000    10.000000
     30.000000   101.650000    10.000000
     30.050000   101.650000    10.000000
     30.100000   101.650000    10.000000
     30.150000   101.650000    10.000000
     30.200000   101.650000    10.000000
     30.250000   101.650000    10.000000
     30.300000   101.650000    10.000000
     30.350000   101.650000    10.000000
     30.400000   101.650000    10.000000
     30.450000   101.650000    10.000000
     30.500000   101.650000    10.000000
     30.550000   101.650000    10.000000
     30.600000   101.650000    10.000000
     30.650000   101.650000    10.000000
     30.700000   101.650000    10.000000
     30.750000   101.650000    10.000000
     30.800000   101.650000    10.000000
     30.850000   101.650000    10.000000
     30.900000   101.650000    10.000000
     30.950000   101.650000    10.000000
     31.000000   101.650000    10.000000
     29.000000   101.700000    10.000000
     29.050000   101.700000    10.000000
     29.100000   101.700000    10.000000
     29.150000   101.700000    10.000000
     29.200000   101.700000    10.000000
     29.250000   101.700000    10.000000
     29.300000   101.700000    10.000000
     29.350000   101.700000    10.000000
     29.400000   101.700000    10.000000
     29.450000   101.700000    10.000000
     29.500000   101.700000    10.000000
     29.550000   101.700000    10.000000
     29.600000   101.700000    10.000000
     29.650000   101.700000    10.000000
     29.700000   101.700000    10.000000
     29.750000   101.700000    10.000000
     29.800000   101.700000    10.000000
     29.850000   101.700000    10.000000
     29.900000   101.700000    10.000000
     29.950000   101.700000    10.000000
     30.000000   101.700000    10.000000
     30.050000   101.700000    10.000000
     30.100000   101.700000    10.000000
     30.150000   101.700000    10.000000
     30.200000   101.700000    10.000000
     30.250000   101.700000    10.000000
     30.300000   101.700000    10.000000
     30.350000   101.700000    10.000000
     30.400000   101.700000    10.000000
     30.450000   101.700000    10.000000
     30.500000   101.700000    10.000000
     30.550000   101.700000    10.000000
     30.600000   101.700000    10.000000
     30.650000   101.700000    10.000000
     30.700000   101.700000    10.000000
     30.750000   101.700000    10.000000
     30.800000   101.700000    10.000000
     30.850000   101.700000    10.000000
     30.900000   101.700000    10.000000
     30.950000   101.700000    10.000000
     31.000000   101.700000    10.000000
     29.000000   101.750000    10.000000
     29.050000   101.750000    10.000000
     29.100000   101.750000    10.000000
     29.150000   101.750000    10.000000
     29.200000   101.750000    10.000000
     29.250000   101.750000    10.000000
     29.300000   101.750000    10.000000
     29.350000   101.750000    10.000000
     29.400000   101.750000    10.000000
     29.450000   101.750000    10.000000
     29.500000   101.750000    10.000000
     29.550000   101.750000    10.000000
     29.600000   101.750000    10.000000
     29.650000   101.750000    10.000000
     29.700000   101.750000    10.000000
     29.750000   101.750000    10.000000
     29.800000   101.750000    10.000000
     29.850000   101.750000    10.000000
     29.900000   101.750000    10.000000
     29.950000   101.750000    10.000000
     30.000000   101.750000    10.000000
     30.050000   101.750000    10.000000
     30.100000   101.750000    10.000000
     30.150000   101.750000    10.000000
     30.200000   101.750000    10.000000
     30.250000   101.750000    10.000000
     30.300000   101.750000    10.000000
     30.350000   101.750000    10.000000
     30.400000   101.750000    10.000000
     30.450000   101.750000    10.000000
     30.500000   101.750000    10.000000
     30.550000   101.750000    10.000000
     30.600000   101.750000    10.000000
     30.650000   101.750000    10.000000
     30.700000   101.750000    10.000000
     30.750000   101.750000    10.000000
     30.800000   101.750000    10.000000
     30.850000   101.750000    10.000000
     30.900000   101.750000    10.000000
     30.950000   101.750000    10.000000
     31.000000   101.750000    10.000000
     29.000000   101.800000    10.000000
     29.050000   101.800000    10.000000
     29.100000   101.800000    10.000000
     29.150000   101.800000    10.000000
     29.200000   101.800000    10.000000
     29.250000   101.800000    10.000000
     29.300000   101.800000    10.000000
     29.350000   101.800000    10.000000
     29.400000   101.800000    10.000000
     29.450000   101.800000    10.000000
     29.500000   101.800000    10.000000
     29.550000   101.800000    10.000000
     29.600000   101.800000    10.000000
     29.650000   101.800000    10.000000
     29.700000   101.800000    10.000000
     29.750000   101.800000    10.000000
     29.800000   101.800000    10.000000
     29.850000   101.800000    10.000000
     29.900000   101.800000    10.000000
     29.950000   101.800000    10.000000
     30.000000   101.800000    10.000000
     30.050000   101.800000    10.000000
     30.100000   101.800000    10.000000
     30.150000   101.800000    10.000000
     30.200000   101.800000    10.000000
     30.250000   101.800000    10.000000
     30.300000   101.800000    10.000000
     30.350000   101.800000    10.000000
     30.400000   101.800000    10.000000
     30.450000   101.800000    10.000000
     30.500000   101.800000    10.000000
     30.550000   101.800000    10.000000
     30.600000   101.800000    10.000000
     30.650000   101.800000    10.000000
     30.700000   101.800000    10.000000
     30.750000   101.800000    10.000000
     30.800000   101.800000    10.000000
     30.850000   101.800000    10.000000
     30.900000   101.800000    10.000000
     30.950000   101.800000    10.000000
     31.000000   101.800000    10.000000
     29.000000   101.850000    10.000000
     29.050000   101.850000    10.000000
     29.100000   101.850000    10.000000
     29.150000   101.850000    10.000000
     29.200000   101.850000    10.000000
     29.250000   101.850000    10.000000
     29.300000   101.850000    10.000000
     29.350000   101.850000    10.000000
     29.400000   101.850000    10.000000
     29.450000   101.850000    10.000000
     29.500000   101.850000    10.000000
     29.550000   101.850000    10.000000
     29.600000   101.850000    10.000000
     29.650000   101.850000    10.000000
     29.700000   101.850000    10.000000
     29.750000   101.850000    10.000000
     29.800000   101.850000    10.000000
     29.850000   101.850000    10.000000
     29.900000   101.850000    10.000000
     29.950000   101.850000    10.000000
     30.000000   101.850000    10.000000
     30.050000   101.850000    10.000000
     30.100000   101.850000    10.000000
     30.150000   101.850000    10.000000
     30.200000   101.850000    10.000000
     30.250000   101.850000    10.000000
     30.300000   101.850000    10.000000
     30.350000   101.850000    10.000000
     30.400000   101.850000    10.000000
     30.450000   101.850000    10.000000
     30.500000   101.850000    10.000000
     30.550000   101.850000    10.000000
     30.600000   101.850000    10.000000
     30.650000   101.850000    10.000000
     30.700000   101.850000    10.000000
     30.750000   101.850000    10.000000
     30.800000   101.850000    10.000000
     30.850000   101.850000    10.000000
     30.900000   101.850000    10.000000
     30.950000   101.850000    10.000000
     31.000000   101.850000    10.000000
     29.000000   101.900000    10.000000
     29.050000   101.900000    10.000000
     29.100000   101.900000    10.000000
     29.150000   101.900000    10.000000
     29.200000   101.900000    10.000000
     29.250000   101.900000    10.000000
     29.300000   101.900000    10.000000
     29.350000   101.900000    10.000000
     29.400000   101.900000    10.000000
     29.450000   101.900000    10.000000
     29.500000   101.900000    10.000000
     29.550000   101.900000    10.000000
     29.600000   101.900000    10.000000
     29.650000   101.900000    10.000000
     29.700000   101.900000    10.000000
     29.750000   101.900000    10.000000
     29.800000   101.900000    10.000000
     29.850000   101.900000    10.000000
     29.900000   101.900000    10.000000
     29.950000   101.900000    10.000000
     30.000000   101.900000    10.000000
     30.050000   101.900000    10.000000
     30.100000   101.900000    10.000000
     30.150000   101.900000    10.000000
     30.200000   101.900000    10.000000
     30.250000   101.900000    10.000000
     30.300000   101.900000    10.000000
     30.350000   101.900000    10.000000
     30.400000   101.900000    10.000000
     30.450000   101.900000    10.000000
     30.500000   101.900000    10.000000
     30.550000   101.900000    10.000000
     30.600000   101.900000    10.000000
     30.650000   101.900000    10.000000
     30.700000   101.900000    10.000000
     30.750000   101.900000    10.000000
     30.800000   101.900000    10.000000
     30.850000   101.900000    10.000000
     30.900000   101.900000    10.000000
     30.950000   101.900000    10.000000
     31.000000   101.900000    10.000000
     29.000000   101.950000    10.000000
     29.050000   101.950000    10.000000
     29.100000   101.950000    10.000000
     29.150000   101.950000    10.000000
     29.200000   101.950000    10.000000
     29.250000   101.950000    10.000000
     29.300000   101.950000    10.000000
     29.350000   101.950000    10.000000
     29.400000   101.950000    10.000000
     29.450000   101.950000    10.000000
     29.500000   101.950000    10.000000
     29.550000   101.950000    10.000000
     29.600000   101.950000    10.000000
     29.650000   101.950000    10.000000
     29.700000   101.950000    10.000000
     29.750000   101.950000    10.000000
     29.800000   101.950000    10.000000
     29.850000   101.950000    10.000000
     29.900000   101.950000    10.000000
     29.950000   101.950000    10.000000
     30.000000   101.950000    10.000000
     30.050000   101.950000    10.000000
     30.100000   101.950000    10.000000
     30.150000   101.950000    10.000000
     30.200000   101.950000    10.000000
     30.250000   101.950000    10.000000
     30.300000   101.950000    10.000000
     30.350000   101.950000    10.000000
     30.400000   101.950000    10.000000
     30.450000   101.950000    10.000000
     30.500000   101.950000    10.000000
     30.550000   101.950000    10.000000
     30.600000   101.950000    10.000000
     30.650000   101.950000    10.000000
     30.700000   101.950000    10.000000
     30.750000   101.950000    10.000000
     30.800000   101.950000    10.000000
     30.850000   101.950000    10.000000
     30.900000   101.950000    10.000000
     30.950000   101.950000    10.000000
     31.000000   101.950000    10.000000
     29.000000   102.000000    10.000000
     29.050000   102.000000    10.000000
     29.100000   102.000000    10.000000
     29.150000   102.000000    10.000000
     29.200000   102.000000    10.000000
     29.250000   102.000000    10.000000
     29.300000   102.000000    10.000000
     29.350000   102.000000    10.000000
     29.400000   102.000000    10.000000
     29.450000   102.000000    10.000000
     29.500000   102.000000    10.000000
     29.550000   102.000000    10.000000
     29.600000   102.000000    10.000000
     29.650000   102.000000    10.000000
     29.700000   102.000000    10.000000
     29.750000   102.000000    10.000000
     29.800000   102.000000    10.000000
     29.850000   102.000000    10.000000
     29.900000   102.000000    10.000000
     29.950000   102.000000    10.000000
     30.000000   102.000000    10.000000
     30.050000   102.000000    10.000000
     30.100000   102.000000    10.000000
     30.150000   102.000000    10.000000
     30.200000   102.000000    10.000000
     30.250000   102.000000    10.000000
     30.300000   102.000000    10.000000
     30.350000   102.000000    10.000000
     30.400000   102.000000    10.000000
     30.450000   102.000000    10.000000
     30.500000   102.000000    10.000000
     30.550000   102.000000    10.000000
     30.600000   102.000000    10.000000
     30.650000   102.000000    10.000000
     30.700000   102.000000    10.000000
     30.750000   102.000000    10.000000
     30.800000   102.000000    10.000000
     30.850000   102.000000    10.000000
     30.900000   102.000000    10.000000
     30.950000   102.000000    10.000000
     31.000000   102.000000    10.000000
     29.000000   102.050000    10.000000
     29.050000   102.050000    10.000000
     29.100000   102.050000    10.000000
     29.150000   102.050000    10.000000
     29.200000   102.050000    10.000000
     29.250000   102.050000    10.000000
     29.300000   102.050000    10.000000
     29.350000   102.050000    10.000000
     29.400000   102.050000    10.000000
     29.450000   102.050000    10.000000
     29.500000   102.050000    10.000000
     29.550000   102.050000    10.000000
     29.600000   102.050000    10.000000
     29.650000   102.050000    10.000000
     29.700000   102.050000    10.000000
     29.750000   102.050000    10.000000
     29.800000   102.050000    10.000000
     29.850000   102.050000    10.000000
     29.900000   102.050000    10.000000
     29.950000   102.050000    10.000000
     30.000000   102.050000    10.000000
     30.050000   102.050000    10.000000
     30.100000   102.050000    10.000000
     30.150000   102.050000    10.000000
     30.200000   102.050000    10.000000
     30.250000   102.050000    10.000000
     30.300000   102.050000    10.000000
     30.350000   102.050000    10.000000
     30.400000   102.050000    10.000000
     30.450000   102.050000    10.000000
     30.500000   102.050000    10.000000
     30.550000   102.050000    10.000000
     30.600000   102.050000    10.000000
     30.650000   102.050000    10.000000
     30.700000   102.050000    10.000000
     30.750000   102.050000    10.000000
     30.800000   102.050000    10.000000
     30.850000   102.050000    10.000000
     30.900000   102.050000    10.000000
     30.950000   102.050000    10.000000
     31.000000   102.050000    10.000000
     29.000000   102.100000    10.000000
     29.050000   102.100000    10.000000
     29.100000   102.100000    10.000000
     29.150000   102.100000    10.000000
     29.200000   102.100000    10.000000
     29.250000   102.100000    10.000000
     29.300000   102.100000    10.000000
     29.350000   102.100000    10.000000
     29.400000   102.100000    10.000000
     29.450000   102.100000    10.000000
     29.500000   102.100000    10.000000
     29.550000   102.100000    10.000000
     29.600000   102.100000    10.000000
     29.650000   102.100000    10.000000
     29.700000   102.100000    10.000000
     29.750000   102.100000    10.000000
     29.800000   102.100000    10.000000
     29.850000   102.100000    10.000000
     29.900000   102.100000    10.000000
     29.950000   102.100000    10.000000
     30.000000   102.100000    10.000000
     30.050000   102.100000    10.000000
     30.100000   102.100000    10.000000
     30.150000   102.100000    10.000000
     30.200000   102.100000    10.000000
     30.250000   102.100000    10.000000
     30.300000   102.100000    10.000000
     30.350000   102.100000    10.000000
     30.400000   102.100000    10.000000
     30.450000   102.100000    10.000000
     30.500000   102.100000    10.000000
     30.550000   102.100000    10.000000
     30.600000   102.100000    10.000000
     30.650000   102.100000    10.000000
     30.700000   102.100000    10.000000
     30.750000   102.100000    10.000000
     30.800000   102.100000    10.000000
     30.850000   102.100000    10.000000
     30.900000   102.100000    10.000000
     30.950000   102.100000    10.000000
     31.000000   102.100000    10.000000
     29.000000   102.150000    10.000000
     29.050000   102.150000    10.000000
     29.100000   102.150000    10.000000
     29.150000   102.150000    10.000000
     29.200000   102.150000    10.000000
     29.250000   102.150000    10.000000
     29.300000   102.150000    10.000000
     29.350000   102.150000    10.000000
     29.400000   102.150000    10.000000
     29.450000   102.150000    10.000000
     29.500000   102.150000    10.000000
     29.550000   102.150000    10.000000
     29.600000   102.150000    10.000000
     29.650000   102.150000    10.000000
     29.700000   102.150000    10.000000
     29.750000   102.150000    10.000000
     29.800000   102.150000    10.000000
     29.850000   102.150000    10.000000
     29.900000   102.150000    10.000000
     29.950000   102.150000    10.000000
     30.000000   102.150000    10.000000
     30.050000   102.150000    10.000000
     30.100000   102.150000    10.000000
     30.150000   102.150000    10.000000
     30.200000   102.150000    10.000000
     30.250000   102.150000    10.000000
     30.300000   102.150000    10.000000
     30.350000   102.150000    10.000000
     30.400000   102.150000    10.000000
     30.450000   102.150000    10.000000
     30.500000   102.150000    10.000000
     30.550000   102.150000    10.000000
     30.600000   102.150000    10.000000
     30.650000   102.150000    10.000000
     30.700000   102.150000    10.000000
     30.750000   102.150000    10.000000
     30.800000   102.150000    10.000000
     30.850000   102.150000    10.000000
     30.900000   102.150000    10.000000
     30.950000   102.150000    10.000000
     31.000000   102.150000    10.000000
     29.000000   102.200000    10.000000
     29.050000   102.200000    10.000000
     29.100000   102.200000    10.000000
     29.150000   102.200000    10.000000
     29.200000   102.200000    10.000000
     29.250000   102.200000    10.000000
     29.300000   102.200000    10.000000
     29.350000   102.200000    10.000000
     29.400000   102.200000    10.000000
     29.450000   102.200000    10.000000
     29.500000   102.200000    10.000000
     29.550000   102.200000    10.000000
     29.600000   102.200000    10.000000
     29.650000   102.200000    10.000000
     29.700000   102.200000    10.000000
     29.750000   102.200000    10.000000
     29.800000   102.200000    10.000000
     29.850000   102.200000    10.000000
     29.900000   102.200000    10.000000
     29.950000   102.200000    10.000000
     30.000000   102.200000    10.000000
     30.050000   102.200000    10.000000
     30.100000   102.200000    10.000000
     30.150000   102.200000    10.000000
     30.200000   102.200000    10.000000
     30.250000   102.200000    10.000000
     30.300000   102.200000    10.000000
     30.350000   102.200000    10.000000
     30.400000   102.200000    10.000000
     30.450000   102.200000    10.000000
     30.500000   102.200000    10.000000
     30.550000   102.200000    10.000000
     30.600000   102.200000    10.000000
     30.650000   102.200000    10.000000
     30.700000   102.200000    10.000000
     30.750000   102.200000    10.000000
     30.800000   102.200000    10.000000
     30.850000   102.200000    10.000000
     30.900000   102.200000    10.000000
     30.950000   102.200000    10.000000
     31.000000   102.200000    10.000000
     29.000000   102.250000    10.000000
     29.050000   102.250000    10.000000
     29.100000   102.250000    10.000000
     29.150000   102.250000    10.000000
     29.200000   102.250000    10.000000
     29.250000   102.250000    10.000000
     29.300000   102.250000    10.000000
     29.350000   102.250000    10.000000
     29.400000   102.250000    10.000000
     29.450000   102.250000    10.000000
     29.500000   102.250000    10.000000
     29.550000   102.250000    10.000000
     29.600000   102.250000    10.000000
     29.650000   102.250000    10.000000
     29.700000   102.250000    10.000000
     29.750000   102.250000    10.000000
     29.800000   102.250000    10.000000
     29.850000   102.250000    10.000000
     29.900000   102.250000    10.000000
     29.950000   102.250000    10.000000
     30.000000   102.250000    10.000000
     30.050000   102.250000    10.000000
     30.100000   102.250000    10.000000
     30.150000   102.250000    10.000000
     30.200000   102.250000    10.000000
     30.250000   102.250000    10.000000
     30.300000   102.250000    10.000000
     30.350000   102.250000    10.000000
     30.400000   102.250000    10.000000
     30.450000   102.250000    10.000000
     30.500000   102.250000    10.000000
     30.550000   102.250000    10.000000
     30.600000   102.250000    10.000000
     30.650000   102.250000    10.000000
     30.700000   102.250000    10.000000
     30.750000   102.250000    10.000000
     30.800000   102.250000    10.000000
     30.850000   102.250000    10.000000
     30.900000   102.250000    10.000000
     30.950000   102.250000    10.000000
     31.000000   102.250000    10.000000
     29.000000   102.300000    10.000000
     29.050000   102.300000    10.000000
     29.100000   102.300000    10.000000
     29.150000   102.300000    10.000000
     29.200000   102.300000    10.000000
     29.250000   102.300000    10.000000
     29.300000   102.300000    10.000000
     29.350000   102.300000    10.000000
     29.400000   102.300000    10.000000
     29.450000   102.300000    10.000000
     29.500000   102.300000    10.000000
     29.550000   102.300000    10.000000
     29.600000   102.300000    10.000000
     29.650000   102.300000    10.000000
     29.700000   102.300000    10.000000
     29.750000   102.300000    10.000000
     29.800000   102.300000    10.000000
     29.850000   102.300000    10.000000
     29.900000   102.300000    10.000000
     29.950000   102.300000    10.000000
     30.000000   102.300000    10.000000
     30.050000   102.300000    10.000000
     30.100000   102.300000    10.000000
     30.150000   102.300000    10.000000
     30.200000   102.300000    10.000000
     30.250000   102.300000    10.000000
     30.300000   102.300000    10.000000
     30.350000   102.300000    10.000000
     30.400000   102.300000    10.000000
     30.450000   102.300000    10.000000
     30.500000   102.300000    10.000000
     30.550000   102.300000    10.000000
     30.600000   102.300000    10.000000
     30.650000   102.300000    10.000000
     30.700000   102.300000    10.000000
     30.750000   102.300000    10.000000
     30.800000   102.300000    10.000000
     30.850000   102.300000    10.000000
     30.900000   102.300000    10.000000
     30.950000   102.300000    10.000000
     31.000000   102.300000    10.000000
     29.000000   102.350000    10.000000
     29.050000   102.350000    10.000000
     29.100000   102.350000    10.000000
     29.150000   102.350000    10.000000
     29.200000   102.350000    10.000000
     29.250000   102.350000    10.000000
     29.300000   102.350000    10.000000
     29.350000   102.350000    10.000000
     29.400000   102.350000    10.000000
     29.450000   102.350000    10.000000
     29.500000   102.350000    10.000000
     29.550000   102.350000    10.000000
     29.600000   102.350000    10.000000
     29.650000   102.350000    10.000000
     29.700000   102.350000    10.000000
     29.750000   102.350000    10.000000
     29.800000   102.350000    10.000000
     29.850000   102.350000    10.000000
     29.900000   102.350000    10.000000
     29.950000   102.350000    10.000000
     30.000000   102.350000    10.000000
     30.050000   102.350000    10.000000
     30.100000   102.350000    10.000000
     30.150000   102.350000    10.000000
     30.200000   102.350000    10.000000
     30.250000   102.350000    10.000000
     30.300000   102.350000    10.000000
     30.350000   102.350000    10.000000
     30.400000   102.350000    10.000000
     30.450000   102.350000    10.000000
     30.500000   102.350000    10.000000
     30.550000   102.350000    10.000000
     30.600000   102.350000    10.000000
     30.650000   102.350000    10.000000
     30.700000   102.350000    10.000000
     30.750000   102.350000    10.000000
     30.800000   102.350000    10.000000
     30.850000   102.350000    10.000000
     30.900000   102.350000    10.000000
     30.950000   102.350000    10.000000
     31.000000   102.350000    10.000000
     29.000000   102.400000    10.000000
     29.050000   102.400000    10.000000
     29.100000   102.400000    10.000000
     29.150000   102.400000    10.000000
     29.200000   102.400000    10.000000
     29.250000   102.400000    10.000000
     29.300000   102.400000    10.000000
     29.350000   102.400000    10.000000
     29.400000   102.400000    10.000000
     29.450000   102.400000    10.000000
     29.500000   102.400000    10.000000
     29.550000   102.400000    10.000000
     29.600000   102.400000    10.000000
     29.650000   102.400000    10.000000
     29.700000   102.400000    10.000000
     29.750000   102.400000    10.000000
     29.800000   102.400000    10.000000
     29.850000   102.400000    10.000000
     29.900000   102.400000    10.000000
     29.950000   102.400000    10.000000
     30.000000   102.400000    10.000000
     30.050000   102.400000    10.000000
     30.100000   102.400000    10.000000
     30.150000   102.400000    10.000000
     30.200000   102.400000    10.000000
     30.250000   102.400000    10.000000
     30.300000   102.400000    10.000000
     30.350000   102.400000    10.000000
     30.400000   102.400000    10.000000
     30.450000   102.400000    10.000000
     30.500000   102.400000    10.000000
     30.550000   102.400000    10.000000
     30.600000   102.400000    10.000000
     30.650000   102.400000    10.000000
     30.700000   102.400000    10.000000
     30.750000   102.400000    10.000000
     30.800000   102.400000    10.000000
     30.850000   102.400000    10.000000
     30.900000   102.400000    10.000000
     30.950000   102.400000    10.000000
     31.000000   102.400000    10.000000
     29.000000   102.450000    10.000000
     29.050000   102.450000    10.000000
     29.100000   102.450000    10.000000
     29.150000   102.450000    10.000000
     29.200000   102.450000    10.000000
     29.250000   102.450000    10.000000
     29.300000   102.450000    10.000000
     29.350000   102.450000    10.000000
     29.400000   102.450000    10.000000
     29.450000   102.450000    10.000000
     29.500000   102.450000    10.000000
     29.550000   102.450000    10.000000
     29.600000   102.450000    10.000000
     29.650000   102.450000    10.000000
     29.700000   102.450000    10.000000
     29.750000   102.450000    10.000000
     29.800000   102.450000    10.000000
     29.850000   102.450000    10.000000
     29.900000   102.450000    10.000000
     29.950000   102.450000    10.000000
     30.000000   102.450000    10.000000
     30.050000   102.450000    10.000000
     30.100000   102.450000    10.000000
     30.150000   102.450000    10.000000
     30.200000   102.450000    10.000000
     30.250000   102.450000    10.000000
     30.300000   102.450000    10.000000
     30.350000   102.450000    10.000000
     30.400000   102.450000    10.000000
     30.450000   102.450000    10.000000
     30.500000   102.450000    10.000000
     30.550000   102.450000    10.000000
     30.600000   102.450000    10.000000
     30.650000   102.450000    10.000000
     30.700000   102.450000    10.000000
     30.750000   102.450000    10.000000
     30.800000   102.450000    10.000000
     30.850000   102.450000    10.000000
     30.900000   102.450000    10.000000
     30.950000   102.450000    10.000000
     31.000000   102.450000    10.000000
     29.000000   102.500000    10.000000
     29.050000   102.500000    10.000000
     29.100000   102.500000    10.000000
     29.150000   102.500000    10.000000
     29.200000   102.500000    10.000000
     29.250000   102.500000    10.000000
     29.300000   102.500000    10.000000
     29.350000   102.500000    10.000000
     29.400000   102.500000    10.000000
     29.450000   102.500000    10.000000
     29.500000   102.500000    10.000000
     29.550000   102.500000    10.000000
     29.600000   102.500000    10.000000
     29.650000   102.500000    10.000000
     29.700000   102.500000    10.000000
     29.750000   102.500000    10.000000
     29.800000   102.500000    10.000000
     29.850000   102.500000    10.000000
     29.900000   102.500000    10.000000
     29.950000   102.500000    10.000000
     30.000000   102.500000    10.000000
     30.050000   102.500000    10.000000
     30.100000   102.500000    10.000000
     30.150000   102.500000    10.000000
     30.200000   102.500000    10.000000
     30.250000   102.500000    10.000000
     30.300000   102.500000    10.000000
     30.350000   102.500000    10.000000
     30.400000   102.500000    10.000000
     30.450000   102.500000    10.000000
     30.500000   102.500000    10.000000
     30.550000   102.500000    10.000000
     30.600000   102.500000    10.000000
     30.650000   102.500000    10.000000
     30.700000   102.500000    10.000000
     30.750000   102.500000    10.000000
     30.800000   102.500000    10.000000
     30.850000   102.500000    10.000000
     30.900000   102.500000    10.000000
     30.950000   102.500000    10.000000
     31.000000   102.500000    10.000000
     29.000000   102.550000    10.000000
     29.050000   102.550000    10.000000
     29.100000   102.550000    10.000000
     29.150000   102.550000    10.000000
     29.200000   102.550000    10.000000
     29.250000   102.550000    10.000000
     29.300000   102.550000    10.000000
     29.350000   102.550000    10.000000
     29.400000   102.550000    10.000000
     29.450000   102.550000    10.000000
     29.500000   102.550000    10.000000
     29.550000   102.550000    10.000000
     29.600000   102.550000    10.000000
     29.650000   102.550000    10.000000
     29.700000   102.550000    10.000000
     29.750000   102.550000    10.000000
     29.800000   102.550000    10.000000
     29.850000   102.550000    10.000000
     29.900000   102.550000    10.000000
     29.950000   102.550000    10.000000
     30.000000   102.550000    10.000000
     30.050000   102.550000    10.000000
     30.100000   102.550000    10.000000
     30.150000   102.550000    10.000000
     30.200000   102.550000    10.000000
     30.250000   102.550000    10.000000
     30.300000   102.550000    10.000000
     30.350000   102.550000    10.000000
     30.400000   102.550000    10.000000
     30.450000   102.550000    10.000000
     30.500000   102.550000    10.000000
     30.550000   102.550000    10.000000
     30.600000   102.550000    10.000000
     30.650000   102.550000    10.000000
     30.700000   102.550000    10.000000
     30.750000   102.550000    10.000000
     30.800000   102.550000    10.000000
     30.850000   102.550000    10.000000
     30.900000   102.550000    10.000000
     30.950000   102.550000    10.000000
     31.000000   102.550000    10.000000
     29.000000   102.600000    10.000000
     29.050000   102.600000    10.000000
     29.100000   102.600000    10.000000
     29.150000   102.600000    10.000000
     29.200000   102.600000    10.000000
     29.250000   102.600000    10.000000
     29.300000   102.600000    10.000000
     29.350000   102.600000    10.000000
     29.400000   102.600000    10.000000
     29.450000   102.600000    10.000000
     29.500000   102.600000    10.000000
     29.550000   102.600000    10.000000
     29.600000   102.600000    10.000000
     29.650000   102.600000    10.000000
     29.700000   102.600000    10.000000
     29.750000   102.600000    10.000000
     29.800000   102.600000    10.000000
     29.850000   102.600000    10.000000
     29.900000   102.600000    10.000000
     29.950000   102.600000    10.000000
     30.000000   102.600000    10.000000
     30.050000   102.600000    10.000000
     30.100000   102.600000    10.000000
     30.150000   102.600000    10.000000
     30.200000   102.600000    10.000000
     30.250000   102.600000    10.000000
     30.300000   102.600000    10.000000
     30.350000   102.600000    10.000000
     30.400000   102.600000    10.000000
     30.450000   102.600000    10.000000
     30.500000   102.600000    10.000000
     30.550000   102.600000    10.000000
     30.600000   102.600000    10.000000
     30.650000   102.600000    10.000000
     30.700000   102.600000    10.000000
     30.750000   102.600000    10.000000
     30.800000   102.600000    10.000000
     30.850000   102.600000    10.000000
     30.900000   102.600000    10.000000
     30.950000   102.600000    10.000000
     31.000000   102.600000    10.000000
     29.000000   102.650000    10.000000
     29.050000   102.650000    10.000000
     29.100000   102.650000    10.000000
     29.150000   102.650000    10.000000
     29.200000   102.650000    10.000000
     29.250000   102.650000    10.000000
     29.300000   102.650000    10.000000
     29.350000   102.650000    10.000000
     29.400000   102.650000    10.000000
     29.450000   102.650000    10.000000
     29.500000   102.650000    10.000000
     29.550000   102.650000    10.000000
     29.600000   102.650000    10.000000
     29.650000   102.650000    10.000000
     29.700000   102.650000    10.000000
     29.750000   102.650000    10.000000
     29.800000   102.650000    10.000000
     29.850000   102.650000    10.000000
     29.900000   102.650000    10.000000
     29.950000   102.650000    10.000000
     30.000000   102.650000    10.000000
     30.050000   102.650000    10.000000
     30.100000   102.650000    10.000000
     30.150000   102.650000    10.000000
     30.200000   102.650000    10.000000
     30.250000   102.650000    10.000000
     30.300000   102.650000    10.000000
     30.350000   102.650000    10.000000
     30.400000   102.650000    10.000000
     30.450000   102.650000    10.000000
     30.500000   102.650000    10.000000
     30.550000   102.650000    10.000000
     30.600000   102.650000    10.000000
     30.650000   102.650000    10.000000
     30.700000   102.650000    10.000000
     30.750000   102.650000    10.000000
     30.800000   102.650000    10.000000
     30.850000   102.650000    10.000000
     30.900000   102.650000    10.000000
     30.950000   102.650000    10.000000
     31.000000   102.650000    10.000000
     29.000000   102.700000    10.000000
     29.050000   102.700000    10.000000
     29.100000   102.700000    10.000000
     29.150000   102.700000    10.000000
     29.200000   102.700000    10.000000
     29.250000   102.700000    10.000000
     29.300000   102.700000    10.000000
     29.350000   102.700000    10.000000
     29.400000   102.700000    10.000000
     29.450000   102.700000    10.000000
     29.500000   102.700000    10.000000
     29.550000   102.700000    10.000000
     29.600000   102.700000    10.000000
     29.650000   102.700000    10.000000
     29.700000   102.700000    10.000000
     29.750000   102.700000    10.000000
     29.800000   102.700000    10.000000
     29.850000   102.700000    10.000000
     29.900000   102.700000    10.000000
     29.950000   102.700000    10.000000
     30.000000   102.700000    10.000000
     30.050000   102.700000    10.000000
     30.100000   102.700000    10.000000
     30.150000   102.700000    10.000000
     30.200000   102.700000    10.000000
     30.250000   102.700000    10.000000
     30.300000   102.700000    10.000000
     30.350000   102.700000    10.000000
     30.400000   102.700000    10.000000
     30.450000   102.700000    10.000000
     30.500000   102.700000    10.000000
     30.550000   102.700000    10.000000
     30.600000   102.700000    10.000000
     30.650000   102.700000    10.000000
     30.700000   102.700000    10.000000
     30.750000   102.700000    10.000000
     30.800000   102.700000    10.000000
     30.850000   102.700000    10.000000
     30.900000   102.700000    10.000000
     30.950000   102.700000    10.000000
     31.000000   102.700000    10.000000
     29.000000   102.750000    10.000000
     29.050000   102.750000    10.000000
     29.100000   102.750000    10.000000
     29.150000   102.750000    10.000000
     29.200000   102.750000    10.000000
     29.250000   102.750000    10.000000
     29.300000   102.750000    10.000000
     29.350000   102.750000    10.000000
     29.400000   102.750000    10.000000
     29.450000   102.750000    10.000000
     29.500000   102.750000    10.000000
     29.550000   102.750000    10.000000
     29.600000   102.750000    10.000000
     29.650000   102.750000    10.000000
     29.700000   102.750000    10.000000
     29.750000   102.750000    10.000000
     29.800000   102.750000    10.000000
     29.850000   102.750000    10.000000
     29.900000   102.750000    10.000000
     29.950000   102.750000    10.000000
     30.000000   102.750000    10.000000
     30.050000   102.750000    10.000000
     30.100000   102.750000    10.000000
     30.150000   102.750000    10.000000
     30.200000   102.750000    10.000000
     30.250000   102.750000    10.000000
     30.300000   102.750000    10.000000
     30.350000   102.750000    10.000000
     30.400000   102.750000    10.000000
     30.450000   102.750000    10.000000
     30.500000   102.750000    10.000000
     30.550000   102.750000    10.000000
     30.600000   102.750000    10.000000
     30.650000   102.750000    10.000000
     30.700000   102.750000    10.000000
     30.750000   102.750000    10.000000
     30.800000   102.750000    10.000000
     30.850000   102.750000    10.000000
     30.900000   102.750000    10.000000
     30.950000   102.750000    10.000000
     31.000000   102.750000    10.000000
     29.000000   102.800000    10.000000
     29.050000   102.800000    10.000000
     29.100000   102.800000    10.000000
     29.150000   102.800000    10.000000
     29.200000   102.800000    10.000000
     29.250000   102.800000    10.000000
     29.300000   102.800000    10.000000
     29.350000   102.800000    10.000000
     29.400000   102.800000    10.000000
     29.450000   102.800000    10.000000
     29.500000   102.800000    10.000000
     29.550000   102.800000    10.000000
     29.600000   102.800000    10.000000
     29.650000   102.800000    10.000000
     29.700000   102.800000    10.000000
     29.750000   102.800000    10.000000
     29.800000   102.800000    10.000000
     29.850000   102.800000    10.000000
     29.900000   102.800000    10.000000
     29.950000   102.800000    10.000000
     30.000000   102.800000    10.000000
     30.050000   102.800000    10.000000
     30.100000   102.800000    10.000000
     30.150000   102.800000    10.000000
     30.200000   102.800000    10.000000
     30.250000   102.800000    10.000000
     30.300000   102.800000    10.000000
     30.350000   102.800000    10.000000
     30.400000   102.800000    10.000000
     30.450000   102.800000    10.000000
     30.500000   102.800000    10.000000
     30.550000   102.800000    10.000000
     30.600000   102.800000    10.000000
     30.650000   102.800000    10.000000
     30.700000   102.800000    10.000000
     30.750000   102.800000    10.000000
     30.800000   102.800000    10.000000
     30.850000   102.800000    10.000000
     30.900000   102.800000    10.000000
     30.950000   102.800000    10.000000
     31.000000   102.800000    10.000000
     29.000000   102.850000    10.000000
     29.050000   102.850000    10.000000
     29.100000   102.850000    10.000000
     29.150000   102.850000    10.000000
     29.200000   102.850000    10.000000
     29.250000   102.850000    10.000000
     29.300000   102.850000    10.000000
     29.350000   102.850000    10.000000
     29.400000   102.850000    10.000000
     29.450000   102.850000    10.000000
     29.500000   102.850000    10.000000
     29.550000   102.850000    10.000000
     29.600000   102.850000    10.000000
     29.650000   102.850000    10.000000
     29.700000   102.850000    10.000000
     29.750000   102.850000    10.000000
     29.800000   102.850000    10.000000
     29.850000   102.850000    10.000000
     29.900000   102.850000    10.000000
     29.950000   102.850000    10.000000
     30.000000   102.850000    10.000000
     30.050000   102.850000    10.000000
     30.100000   102.850000    10.000000
     30.150000   102.850000    10.000000
     30.200000   102.850000    10.000000
     30.250000   102.850000    10.000000
     30.300000   102.850000    10.000000
     30.350000   102.850000    10.000000
     30.400000   102.850000    10.000000
     30.450000   102.850000    10.000000
     30.500000   102.850000    10.000000
     30.550000   102.850000    10.000000
     30.600000   102.850000    10.000000
     30.650000   102.850000    10.000000
     30.700000   102.850000    10.000000
     30.750000   102.850000    10.000000
     30.800000   102.850000    10.000000
     30.850000   102.850000    10.000000
     30.900000   102.850000    10.000000
     30.950000   102.850000    10.000000
     31.000000   102.850000    10.000000
     29.000000   102.900000    10.000000
     29.050000   102.900000    10.000000
     29.100000   102.900000    10.000000
     29.150000   102.900000    10.000000
     29.200000   102.900000    10.000000
     29.250000   102.900000    10.000000
     29.300000   102.900000    10.000000
     29.350000   102.900000    10.000000
     29.400000   102.900000    10.000000
     29.450000   102.900000    10.000000
     29.500000   102.900000    10.000000
     29.550000   102.900000    10.000000
     29.600000   102.900000    10.000000
     29.650000   102.900000    10.000000
     29.700000   102.900000    10.000000
     29.750000   102.900000    10.000000
     29.800000   102.900000    10.000000
     29.850000   102.900000    10.000000
     29.900000   102.900000    10.000000
     29.950000   102.900000    10.000000
     30.000000   102.900000    10.000000
     30.050000   102.900000    10.000000
     30.100000   102.900000    10.000000
     30.150000   102.900000    10.000000
     30.200000   102.900000    10.000000
     30.250000   102.900000    10.000000
     30.300000   102.900000    10.000000
     30.350000   102.900000    10.000000
     30.400000   102.900000    10.000000
     30.450000   102.900000    10.000000
     30.500000   102.900000    10.000000
     30.550000   102.900000    10.000000
     30.600000   102.900000    10.000000
     30.650000   102.900000    10.000000
     30.700000   102.900000    10.000000
     30.750000   102.900000    10.000000
     30.800000   102.900000    10.000000
     30.850000   102.900000    10.000000
     30.900000   102.900000    10.000000
     30.950000   102.900000    10.000000
     31.000000   102.900000    10.000000
     29.000000   102.950000    10.000000
     29.050000   102.950000    10.000000
     29.100000   102.950000    10.000000
     29.150000   102.950000    10.000000
     29.200000   102.950000    10.000000
     29.250000   102.950000    10.000000
     29.300000   102.950000    10.000000
     29.350000   102.950000    10.000000
     29.400000   102.950000    10.000000
     29.450000   102.950000    10.000000
     29.500000   102.950000    10.000000
     29.550000   102.950000    10.000000
     29.600000   102.950000    10.000000
     29.650000   102.950000    10.000000
     29.700000   102.950000    10.000000
     29.750000   102.950000    10.000000
     29.800000   102.950000    10.000000
     29.850000   102.950000    10.000000
     29.900000   102.950000    10.000000
     29.950000   102.950000    10.000000
     30.000000   102.950000    10.000000
     30.050000   102.950000    10.000000
     30.100000   102.950000    10.000000
     30.150000   102.950000    10.000000
     30.200000   102.950000    10.000000
     30.250000   102.950000    10.000000
     30.300000   102.950000    10.000000
     30.350000   102.950000    10.000000
     30.400000   102.950000    10.000000
     30.450000   102.950000    10.000000
     30.500000   102.950000    10.000000
     30.550000   102.950000    10.000000
     30.600000   102.950000    10.000000
     30.650000   102.950000    10.000000
     30.700000   102.950000    10.000000
     30.750000   102.950000    10.000000
     30.800000   102.950000    10.000000
     30.850000   102.950000    10.000000
     30.900000   102.950000    10.000000
     30.950000   102.950000    10.000000
     31.000000   102.950000    10.000000
     29.000000   103.000000    10.000000
     29.050000   103.000000    10.000000
     29.100000   103.000000    10.000000
     29.150000   103.000000    10.000000
     29.200000   103.000000    10.000000
     29.250000   103.000000    10.000000
     29.300000   103.000000    10.000000
     29.350000   103.000000    10.000000
     29.400000   103.000000    10.000000
     29.450000   103.000000    10.000000
     29.500000   103.000000    10.000000
     29.550000   103.000000    10.000000
     29.600000   103.000000    10.000000
     29.650000   103.000000    10.000000
     29.700000   103.000000    10.000000
     29.750000   103.000000    10.000000
     29.800000   103.000000    10.000000
     29.850000   103.000000    10.000000
     29.900000   103.000000    10.000000
     29.950000   103.000000    10.000000
     30.000000   103.000000    10.000000
     30.050000   103.000000    10.000000
     30.100000   103.000000    10.000000
     30.150000   103.000000    10.000000
     30.200000   103.000000    10.000000
     30.250000   103.000000    10.000000
     30.300000   103.000000    10.000000
     30.350000   103.000000    10.000000
     30.400000   103.000000    10.000000
     30.450000   103.000000    10.000000
     30.500000   103.000000    10.000000
     30.550000   103.000000    10.000000
     30.600000   103.000000    10.000000
     30.650000   103.000000    10.000000
     30.700000   103.000000    10.000000
     30.750000   103.000000    10.000000
     30.800000   103.000000    10.000000
     30.850000   103.000000    10.000000
     30.900000   103.000000    10.000000
     30.950000   103.000000    10.000000
     31.000000   103.000000    10.000000
