	#a colormap from the Coulomb3.4 software
        0.2117647082	        0.1529411823	        0.9921568632	        1.0000000000
        0.2139812410	        0.1877237856	        0.9923273921	        1.0000000000
        0.2161977887	        0.2225064039	        0.9924978614	        1.0000000000
        0.2184143215	        0.2572890222	        0.9926683903	        1.0000000000
        0.2206308693	        0.2920716107	        0.9928388596	        1.0000000000
        0.2228474021	        0.3268542290	        0.9930093884	        1.0000000000
        0.2250639498	        0.3616368473	        0.9931798577	        1.0000000000
        0.2272804826	        0.3964194357	        0.9933503866	        1.0000000000
        0.2294970155	        0.4312020540	        0.9935209155	        1.0000000000
        0.2317135632	        0.4659846723	        0.9936913848	        1.0000000000
        0.2339300960	        0.5007672906	        0.9938619137	        1.0000000000
        0.2361466438	        0.5355498791	        0.9940323830	        1.0000000000
        0.2383631766	        0.5703324676	        0.9942029119	        1.0000000000
        0.2405797243	        0.6051151156	        0.9943733811	        1.0000000000
        0.2427962571	        0.6398977041	        0.9945439100	        1.0000000000
        0.2450128049	        0.6746802926	        0.9947143793	        1.0000000000
        0.2472293377	        0.7094629407	        0.9948849082	        1.0000000000
        0.2494458705	        0.7442455292	        0.9950554371	        1.0000000000
        0.2516624033	        0.7790281177	        0.9952259064	        1.0000000000
        0.2538789511	        0.8138107657	        0.9953964353	        1.0000000000
        0.2560954988	        0.8485933542	        0.9955669045	        1.0000000000
        0.2583120465	        0.8833759427	        0.9957374334	        1.0000000000
        0.2605285645	        0.9181585908	        0.9959079027	        1.0000000000
        0.2627451122	        0.9529411793	        0.9960784316	        1.0000000000
        0.3549019694	        0.9588235617	        0.9965686202	        1.0000000000
        0.4470588267	        0.9647058845	        0.9970588088	        1.0000000000
        0.5392156839	        0.9705882072	        0.9975489974	        1.0000000000
        0.6313725710	        0.9764705896	        0.9980392456	        1.0000000000
        0.7235293984	        0.9823529720	        0.9985294342	        1.0000000000
        0.8156862855	        0.9882352948	        0.9990196228	        1.0000000000
        0.9078431129	        0.9941176176	        0.9995098114	        1.0000000000
        1.0000000000	        1.0000000000	        1.0000000000	        1.0000000000
        1.0000000000	        1.0000000000	        1.0000000000	        1.0000000000
        0.9990196228	        0.9921568632	        0.9137254953	        1.0000000000
        0.9980392456	        0.9843137264	        0.8274509907	        1.0000000000
        0.9970588088	        0.9764705896	        0.7411764860	        1.0000000000
        0.9960784316	        0.9686274529	        0.6549019814	        1.0000000000
        0.9950980544	        0.9607843161	        0.5686274767	        1.0000000000
        0.9941176176	        0.9529411793	        0.4823529422	        1.0000000000
        0.9931372404	        0.9450980425	        0.3960784376	        1.0000000000
        0.9921568632	        0.9372549057	        0.3098039329	        1.0000000000
        0.9895993471	        0.8965047002	        0.2999147475	        1.0000000000
        0.9870417714	        0.8557544947	        0.2900255919	        1.0000000000
        0.9844842553	        0.8150042892	        0.2801364064	        1.0000000000
        0.9819266796	        0.7742540240	        0.2702472508	        1.0000000000
        0.9793691635	        0.7335038185	        0.2603580654	        1.0000000000
        0.9768115878	        0.6927536130	        0.2504688799	        1.0000000000
        0.9742540717	        0.6520034075	        0.2405797243	        1.0000000000
        0.9716964960	        0.6112532020	        0.2306905389	        1.0000000000
        0.9691389799	        0.5705029964	        0.2208013684	        1.0000000000
        0.9665814042	        0.5297527909	        0.2109121978	        1.0000000000
        0.9640238881	        0.4890025556	        0.2010230273	        1.0000000000
        0.9614663124	        0.4482523501	        0.1911338568	        1.0000000000
        0.9589087963	        0.4075021446	        0.1812446713	        1.0000000000
        0.9563512206	        0.3667519093	        0.1713555008	        1.0000000000
        0.9537937045	        0.3260017037	        0.1614663303	        1.0000000000
        0.9512361288	        0.2852514982	        0.1515771598	        1.0000000000
        0.9486786127	        0.2445012778	        0.1416879892	        1.0000000000
        0.9461210370	        0.2037510723	        0.1317988038	        1.0000000000
        0.9435635209	        0.1630008519	        0.1219096407	        1.0000000000
        0.9410059452	        0.1222506389	        0.1120204628	        1.0000000000
        0.9384484291	        0.0815004259	        0.1021312922	        1.0000000000
        0.9358908534	        0.0407502130	        0.0922421142	        1.0000000000
        0.9333333373	        0.0000000000	        0.0823529437	        1.0000000000
