	#a colormap from the no_green.cpt file designed by W.H.F. Smith, NOAA in the GMT software
        0.1254901961	        0.3764705882	        1.0000000000	        1.0000000000
        0.1254901961	        0.3764705882	        1.0000000000	        1.0000000000
        0.1254901961	        0.6235294118	        1.0000000000	        1.0000000000
        0.1254901961	        0.6235294118	        1.0000000000	        1.0000000000
        0.1254901961	        0.7490196078	        1.0000000000	        1.0000000000
        0.1254901961	        0.7490196078	        1.0000000000	        1.0000000000
        0.0000000000	        0.8117647059	        1.0000000000	        1.0000000000
        0.0000000000	        0.8117647059	        1.0000000000	        1.0000000000
        0.1647058824	        1.0000000000	        1.0000000000	        1.0000000000
        0.1647058824	        1.0000000000	        1.0000000000	        1.0000000000
        0.3333333333	        1.0000000000	        1.0000000000	        1.0000000000
        0.3333333333	        1.0000000000	        1.0000000000	        1.0000000000
        0.4980392157	        1.0000000000	        1.0000000000	        1.0000000000
        0.4980392157	        1.0000000000	        1.0000000000	        1.0000000000
        0.6666666667	        1.0000000000	        1.0000000000	        1.0000000000
        0.6666666667	        1.0000000000	        1.0000000000	        1.0000000000
        1.0000000000	        1.0000000000	        0.3294117647	        1.0000000000
        1.0000000000	        1.0000000000	        0.3294117647	        1.0000000000
        1.0000000000	        0.9411764706	        0.0000000000	        1.0000000000
        1.0000000000	        0.9411764706	        0.0000000000	        1.0000000000
        1.0000000000	        0.7490196078	        0.0000000000	        1.0000000000
        1.0000000000	        0.7490196078	        0.0000000000	        1.0000000000
        1.0000000000	        0.6588235294	        0.0000000000	        1.0000000000
        1.0000000000	        0.6588235294	        0.0000000000	        1.0000000000
        1.0000000000	        0.5411764706	        0.0000000000	        1.0000000000
        1.0000000000	        0.5411764706	        0.0000000000	        1.0000000000
        1.0000000000	        0.4392156863	        0.0000000000	        1.0000000000
        1.0000000000	        0.4392156863	        0.0000000000	        1.0000000000
        1.0000000000	        0.3019607843	        0.0000000000	        1.0000000000
        1.0000000000	        0.3019607843	        0.0000000000	        1.0000000000
        1.0000000000	        0.0000000000	        0.0000000000	        1.0000000000
        1.0000000000	        0.0000000000	        0.0000000000	        1.0000000000
