	#a colormap generated with the BWR.m script written by Maosheng He from Leibniz Institute of Atmospheric Physics. 
        0.0000000000	        0.0000000000	        0.5000000000	        1.0000000000
        0.0000000000	        0.0000000000	        0.6333333333	        1.0000000000
        0.0000000000	        0.0000000000	        0.7666666667	        1.0000000000
        0.0000000000	        0.0000000000	        0.9000000000	        1.0000000000
        0.0000000000	        0.0333333333	        1.0000000000	        1.0000000000
        0.0000000000	        0.1666666667	        1.0000000000	        1.0000000000
        0.0000000000	        0.3000000000	        1.0000000000	        1.0000000000
        0.0000000000	        0.4333333333	        1.0000000000	        1.0000000000
        0.0000000000	        0.5666666667	        1.0000000000	        1.0000000000
        0.0000000000	        0.7000000000	        1.0000000000	        1.0000000000
        0.0000000000	        0.8333333333	        1.0000000000	        1.0000000000
        0.0000000000	        0.9666666667	        1.0000000000	        1.0000000000
        0.2000000000	        1.0000000000	        1.0000000000	        1.0000000000
        0.4666666667	        1.0000000000	        1.0000000000	        1.0000000000
        0.7333333333	        1.0000000000	        1.0000000000	        1.0000000000
        1.0000000000	        1.0000000000	        1.0000000000	        1.0000000000
        1.0000000000	        1.0000000000	        1.0000000000	        1.0000000000
        1.0000000000	        1.0000000000	        0.7333333333	        1.0000000000
        1.0000000000	        1.0000000000	        0.4666666667	        1.0000000000
        1.0000000000	        1.0000000000	        0.2000000000	        1.0000000000
        1.0000000000	        0.9666666667	        0.0000000000	        1.0000000000
        1.0000000000	        0.8333333333	        0.0000000000	        1.0000000000
        1.0000000000	        0.7000000000	        0.0000000000	        1.0000000000
        1.0000000000	        0.5666666667	        0.0000000000	        1.0000000000
        1.0000000000	        0.4333333333	        0.0000000000	        1.0000000000
        1.0000000000	        0.3000000000	        0.0000000000	        1.0000000000
        1.0000000000	        0.1666666667	        0.0000000000	        1.0000000000
        1.0000000000	        0.0333333333	        0.0000000000	        1.0000000000
        0.9000000000	        0.0000000000	        0.0000000000	        1.0000000000
        0.7666666667	        0.0000000000	        0.0000000000	        1.0000000000
        0.6333333333	        0.0000000000	        0.0000000000	        1.0000000000
        0.5000000000	        0.0000000000	        0.0000000000	        1.0000000000
