	#a colormap generated with the BWR.m script written by Maosheng He from Leibniz Institute of Atmospheric Physics.
        0.0000000000	        0.0000000000	        0.5000000000	        1.0000000000
        0.0000000000	        0.0000000000	        0.5317460317	        1.0000000000
        0.0000000000	        0.0000000000	        0.5634920635	        1.0000000000
        0.0000000000	        0.0000000000	        0.5952380952	        1.0000000000
        0.0000000000	        0.0000000000	        0.6269841270	        1.0000000000
        0.0000000000	        0.0000000000	        0.6587301587	        1.0000000000
        0.0000000000	        0.0000000000	        0.6904761905	        1.0000000000
        0.0000000000	        0.0000000000	        0.7222222222	        1.0000000000
        0.0000000000	        0.0000000000	        0.7539682540	        1.0000000000
        0.0000000000	        0.0000000000	        0.7857142857	        1.0000000000
        0.0000000000	        0.0000000000	        0.8174603175	        1.0000000000
        0.0000000000	        0.0000000000	        0.8492063492	        1.0000000000
        0.0000000000	        0.0000000000	        0.8809523810	        1.0000000000
        0.0000000000	        0.0000000000	        0.9126984127	        1.0000000000
        0.0000000000	        0.0000000000	        0.9444444444	        1.0000000000
        0.0000000000	        0.0000000000	        0.9761904762	        1.0000000000
        0.0000000000	        0.0079365079	        1.0000000000	        1.0000000000
        0.0000000000	        0.0396825397	        1.0000000000	        1.0000000000
        0.0000000000	        0.0714285714	        1.0000000000	        1.0000000000
        0.0000000000	        0.1031746032	        1.0000000000	        1.0000000000
        0.0000000000	        0.1349206349	        1.0000000000	        1.0000000000
        0.0000000000	        0.1666666667	        1.0000000000	        1.0000000000
        0.0000000000	        0.1984126984	        1.0000000000	        1.0000000000
        0.0000000000	        0.2301587302	        1.0000000000	        1.0000000000
        0.0000000000	        0.2619047619	        1.0000000000	        1.0000000000
        0.0000000000	        0.2936507937	        1.0000000000	        1.0000000000
        0.0000000000	        0.3253968254	        1.0000000000	        1.0000000000
        0.0000000000	        0.3571428571	        1.0000000000	        1.0000000000
        0.0000000000	        0.3888888889	        1.0000000000	        1.0000000000
        0.0000000000	        0.4206349206	        1.0000000000	        1.0000000000
        0.0000000000	        0.4523809524	        1.0000000000	        1.0000000000
        0.0000000000	        0.4841269841	        1.0000000000	        1.0000000000
        0.0000000000	        0.5158730159	        1.0000000000	        1.0000000000
        0.0000000000	        0.5476190476	        1.0000000000	        1.0000000000
        0.0000000000	        0.5793650794	        1.0000000000	        1.0000000000
        0.0000000000	        0.6111111111	        1.0000000000	        1.0000000000
        0.0000000000	        0.6428571429	        1.0000000000	        1.0000000000
        0.0000000000	        0.6746031746	        1.0000000000	        1.0000000000
        0.0000000000	        0.7063492063	        1.0000000000	        1.0000000000
        0.0000000000	        0.7380952381	        1.0000000000	        1.0000000000
        0.0000000000	        0.7698412698	        1.0000000000	        1.0000000000
        0.0000000000	        0.8015873016	        1.0000000000	        1.0000000000
        0.0000000000	        0.8333333333	        1.0000000000	        1.0000000000
        0.0000000000	        0.8650793651	        1.0000000000	        1.0000000000
        0.0000000000	        0.8968253968	        1.0000000000	        1.0000000000
        0.0000000000	        0.9285714286	        1.0000000000	        1.0000000000
        0.0000000000	        0.9603174603	        1.0000000000	        1.0000000000
        0.0000000000	        0.9920634921	        1.0000000000	        1.0000000000
        0.0476190476	        1.0000000000	        1.0000000000	        1.0000000000
        0.1111111111	        1.0000000000	        1.0000000000	        1.0000000000
        0.1746031746	        1.0000000000	        1.0000000000	        1.0000000000
        0.2380952381	        1.0000000000	        1.0000000000	        1.0000000000
        0.3015873016	        1.0000000000	        1.0000000000	        1.0000000000
        0.3650793651	        1.0000000000	        1.0000000000	        1.0000000000
        0.4285714286	        1.0000000000	        1.0000000000	        1.0000000000
        0.4920634921	        1.0000000000	        1.0000000000	        1.0000000000
        0.5555555556	        1.0000000000	        1.0000000000	        1.0000000000
        0.6190476190	        1.0000000000	        1.0000000000	        1.0000000000
        0.6825396825	        1.0000000000	        1.0000000000	        1.0000000000
        0.7460317460	        1.0000000000	        1.0000000000	        1.0000000000
        0.8095238095	        1.0000000000	        1.0000000000	        1.0000000000
        0.8730158730	        1.0000000000	        1.0000000000	        1.0000000000
        0.9365079365	        1.0000000000	        1.0000000000	        1.0000000000
        1.0000000000	        1.0000000000	        1.0000000000	        1.0000000000
        1.0000000000	        1.0000000000	        1.0000000000	        1.0000000000
        1.0000000000	        1.0000000000	        0.9365079365	        1.0000000000
        1.0000000000	        1.0000000000	        0.8730158730	        1.0000000000
        1.0000000000	        1.0000000000	        0.8095238095	        1.0000000000
        1.0000000000	        1.0000000000	        0.7460317460	        1.0000000000
        1.0000000000	        1.0000000000	        0.6825396825	        1.0000000000
        1.0000000000	        1.0000000000	        0.6190476190	        1.0000000000
        1.0000000000	        1.0000000000	        0.5555555556	        1.0000000000
        1.0000000000	        1.0000000000	        0.4920634921	        1.0000000000
        1.0000000000	        1.0000000000	        0.4285714286	        1.0000000000
        1.0000000000	        1.0000000000	        0.3650793651	        1.0000000000
        1.0000000000	        1.0000000000	        0.3015873016	        1.0000000000
        1.0000000000	        1.0000000000	        0.2380952381	        1.0000000000
        1.0000000000	        1.0000000000	        0.1746031746	        1.0000000000
        1.0000000000	        1.0000000000	        0.1111111111	        1.0000000000
        1.0000000000	        1.0000000000	        0.0476190476	        1.0000000000
        1.0000000000	        0.9920634921	        0.0000000000	        1.0000000000
        1.0000000000	        0.9603174603	        0.0000000000	        1.0000000000
        1.0000000000	        0.9285714286	        0.0000000000	        1.0000000000
        1.0000000000	        0.8968253968	        0.0000000000	        1.0000000000
        1.0000000000	        0.8650793651	        0.0000000000	        1.0000000000
        1.0000000000	        0.8333333333	        0.0000000000	        1.0000000000
        1.0000000000	        0.8015873016	        0.0000000000	        1.0000000000
        1.0000000000	        0.7698412698	        0.0000000000	        1.0000000000
        1.0000000000	        0.7380952381	        0.0000000000	        1.0000000000
        1.0000000000	        0.7063492063	        0.0000000000	        1.0000000000
        1.0000000000	        0.6746031746	        0.0000000000	        1.0000000000
        1.0000000000	        0.6428571429	        0.0000000000	        1.0000000000
        1.0000000000	        0.6111111111	        0.0000000000	        1.0000000000
        1.0000000000	        0.5793650794	        0.0000000000	        1.0000000000
        1.0000000000	        0.5476190476	        0.0000000000	        1.0000000000
        1.0000000000	        0.5158730159	        0.0000000000	        1.0000000000
        1.0000000000	        0.4841269841	        0.0000000000	        1.0000000000
        1.0000000000	        0.4523809524	        0.0000000000	        1.0000000000
        1.0000000000	        0.4206349206	        0.0000000000	        1.0000000000
        1.0000000000	        0.3888888889	        0.0000000000	        1.0000000000
        1.0000000000	        0.3571428571	        0.0000000000	        1.0000000000
        1.0000000000	        0.3253968254	        0.0000000000	        1.0000000000
        1.0000000000	        0.2936507937	        0.0000000000	        1.0000000000
        1.0000000000	        0.2619047619	        0.0000000000	        1.0000000000
        1.0000000000	        0.2301587302	        0.0000000000	        1.0000000000
        1.0000000000	        0.1984126984	        0.0000000000	        1.0000000000
        1.0000000000	        0.1666666667	        0.0000000000	        1.0000000000
        1.0000000000	        0.1349206349	        0.0000000000	        1.0000000000
        1.0000000000	        0.1031746032	        0.0000000000	        1.0000000000
        1.0000000000	        0.0714285714	        0.0000000000	        1.0000000000
        1.0000000000	        0.0396825397	        0.0000000000	        1.0000000000
        1.0000000000	        0.0079365079	        0.0000000000	        1.0000000000
        0.9761904762	        0.0000000000	        0.0000000000	        1.0000000000
        0.9444444444	        0.0000000000	        0.0000000000	        1.0000000000
        0.9126984127	        0.0000000000	        0.0000000000	        1.0000000000
        0.8809523810	        0.0000000000	        0.0000000000	        1.0000000000
        0.8492063492	        0.0000000000	        0.0000000000	        1.0000000000
        0.8174603175	        0.0000000000	        0.0000000000	        1.0000000000
        0.7857142857	        0.0000000000	        0.0000000000	        1.0000000000
        0.7539682540	        0.0000000000	        0.0000000000	        1.0000000000
        0.7222222222	        0.0000000000	        0.0000000000	        1.0000000000
        0.6904761905	        0.0000000000	        0.0000000000	        1.0000000000
        0.6587301587	        0.0000000000	        0.0000000000	        1.0000000000
        0.6269841270	        0.0000000000	        0.0000000000	        1.0000000000
        0.5952380952	        0.0000000000	        0.0000000000	        1.0000000000
        0.5634920635	        0.0000000000	        0.0000000000	        1.0000000000
        0.5317460317	        0.0000000000	        0.0000000000	        1.0000000000
        0.5000000000	        0.0000000000	        0.0000000000	        1.0000000000
