	#a colormap generated with the BWR.m script written by Maosheng He from Leibniz Institute of Atmospheric Physics.
        0.0000000000	        0.0000000000	        0.5000000000	        1.0000000000
        0.0000000000	        0.0000000000	        0.5157480315	        1.0000000000
        0.0000000000	        0.0000000000	        0.5314960630	        1.0000000000
        0.0000000000	        0.0000000000	        0.5472440945	        1.0000000000
        0.0000000000	        0.0000000000	        0.5629921260	        1.0000000000
        0.0000000000	        0.0000000000	        0.5787401575	        1.0000000000
        0.0000000000	        0.0000000000	        0.5944881890	        1.0000000000
        0.0000000000	        0.0000000000	        0.6102362205	        1.0000000000
        0.0000000000	        0.0000000000	        0.6259842520	        1.0000000000
        0.0000000000	        0.0000000000	        0.6417322835	        1.0000000000
        0.0000000000	        0.0000000000	        0.6574803150	        1.0000000000
        0.0000000000	        0.0000000000	        0.6732283465	        1.0000000000
        0.0000000000	        0.0000000000	        0.6889763780	        1.0000000000
        0.0000000000	        0.0000000000	        0.7047244094	        1.0000000000
        0.0000000000	        0.0000000000	        0.7204724409	        1.0000000000
        0.0000000000	        0.0000000000	        0.7362204724	        1.0000000000
        0.0000000000	        0.0000000000	        0.7519685039	        1.0000000000
        0.0000000000	        0.0000000000	        0.7677165354	        1.0000000000
        0.0000000000	        0.0000000000	        0.7834645669	        1.0000000000
        0.0000000000	        0.0000000000	        0.7992125984	        1.0000000000
        0.0000000000	        0.0000000000	        0.8149606299	        1.0000000000
        0.0000000000	        0.0000000000	        0.8307086614	        1.0000000000
        0.0000000000	        0.0000000000	        0.8464566929	        1.0000000000
        0.0000000000	        0.0000000000	        0.8622047244	        1.0000000000
        0.0000000000	        0.0000000000	        0.8779527559	        1.0000000000
        0.0000000000	        0.0000000000	        0.8937007874	        1.0000000000
        0.0000000000	        0.0000000000	        0.9094488189	        1.0000000000
        0.0000000000	        0.0000000000	        0.9251968504	        1.0000000000
        0.0000000000	        0.0000000000	        0.9409448819	        1.0000000000
        0.0000000000	        0.0000000000	        0.9566929134	        1.0000000000
        0.0000000000	        0.0000000000	        0.9724409449	        1.0000000000
        0.0000000000	        0.0000000000	        0.9881889764	        1.0000000000
        0.0000000000	        0.0039370079	        1.0000000000	        1.0000000000
        0.0000000000	        0.0196850394	        1.0000000000	        1.0000000000
        0.0000000000	        0.0354330709	        1.0000000000	        1.0000000000
        0.0000000000	        0.0511811024	        1.0000000000	        1.0000000000
        0.0000000000	        0.0669291339	        1.0000000000	        1.0000000000
        0.0000000000	        0.0826771654	        1.0000000000	        1.0000000000
        0.0000000000	        0.0984251969	        1.0000000000	        1.0000000000
        0.0000000000	        0.1141732283	        1.0000000000	        1.0000000000
        0.0000000000	        0.1299212598	        1.0000000000	        1.0000000000
        0.0000000000	        0.1456692913	        1.0000000000	        1.0000000000
        0.0000000000	        0.1614173228	        1.0000000000	        1.0000000000
        0.0000000000	        0.1771653543	        1.0000000000	        1.0000000000
        0.0000000000	        0.1929133858	        1.0000000000	        1.0000000000
        0.0000000000	        0.2086614173	        1.0000000000	        1.0000000000
        0.0000000000	        0.2244094488	        1.0000000000	        1.0000000000
        0.0000000000	        0.2401574803	        1.0000000000	        1.0000000000
        0.0000000000	        0.2559055118	        1.0000000000	        1.0000000000
        0.0000000000	        0.2716535433	        1.0000000000	        1.0000000000
        0.0000000000	        0.2874015748	        1.0000000000	        1.0000000000
        0.0000000000	        0.3031496063	        1.0000000000	        1.0000000000
        0.0000000000	        0.3188976378	        1.0000000000	        1.0000000000
        0.0000000000	        0.3346456693	        1.0000000000	        1.0000000000
        0.0000000000	        0.3503937008	        1.0000000000	        1.0000000000
        0.0000000000	        0.3661417323	        1.0000000000	        1.0000000000
        0.0000000000	        0.3818897638	        1.0000000000	        1.0000000000
        0.0000000000	        0.3976377953	        1.0000000000	        1.0000000000
        0.0000000000	        0.4133858268	        1.0000000000	        1.0000000000
        0.0000000000	        0.4291338583	        1.0000000000	        1.0000000000
        0.0000000000	        0.4448818898	        1.0000000000	        1.0000000000
        0.0000000000	        0.4606299213	        1.0000000000	        1.0000000000
        0.0000000000	        0.4763779528	        1.0000000000	        1.0000000000
        0.0000000000	        0.4921259843	        1.0000000000	        1.0000000000
        0.0000000000	        0.5078740157	        1.0000000000	        1.0000000000
        0.0000000000	        0.5236220472	        1.0000000000	        1.0000000000
        0.0000000000	        0.5393700787	        1.0000000000	        1.0000000000
        0.0000000000	        0.5551181102	        1.0000000000	        1.0000000000
        0.0000000000	        0.5708661417	        1.0000000000	        1.0000000000
        0.0000000000	        0.5866141732	        1.0000000000	        1.0000000000
        0.0000000000	        0.6023622047	        1.0000000000	        1.0000000000
        0.0000000000	        0.6181102362	        1.0000000000	        1.0000000000
        0.0000000000	        0.6338582677	        1.0000000000	        1.0000000000
        0.0000000000	        0.6496062992	        1.0000000000	        1.0000000000
        0.0000000000	        0.6653543307	        1.0000000000	        1.0000000000
        0.0000000000	        0.6811023622	        1.0000000000	        1.0000000000
        0.0000000000	        0.6968503937	        1.0000000000	        1.0000000000
        0.0000000000	        0.7125984252	        1.0000000000	        1.0000000000
        0.0000000000	        0.7283464567	        1.0000000000	        1.0000000000
        0.0000000000	        0.7440944882	        1.0000000000	        1.0000000000
        0.0000000000	        0.7598425197	        1.0000000000	        1.0000000000
        0.0000000000	        0.7755905512	        1.0000000000	        1.0000000000
        0.0000000000	        0.7913385827	        1.0000000000	        1.0000000000
        0.0000000000	        0.8070866142	        1.0000000000	        1.0000000000
        0.0000000000	        0.8228346457	        1.0000000000	        1.0000000000
        0.0000000000	        0.8385826772	        1.0000000000	        1.0000000000
        0.0000000000	        0.8543307087	        1.0000000000	        1.0000000000
        0.0000000000	        0.8700787402	        1.0000000000	        1.0000000000
        0.0000000000	        0.8858267717	        1.0000000000	        1.0000000000
        0.0000000000	        0.9015748031	        1.0000000000	        1.0000000000
        0.0000000000	        0.9173228346	        1.0000000000	        1.0000000000
        0.0000000000	        0.9330708661	        1.0000000000	        1.0000000000
        0.0000000000	        0.9488188976	        1.0000000000	        1.0000000000
        0.0000000000	        0.9645669291	        1.0000000000	        1.0000000000
        0.0000000000	        0.9803149606	        1.0000000000	        1.0000000000
        0.0000000000	        0.9960629921	        1.0000000000	        1.0000000000
        0.0236220472	        1.0000000000	        1.0000000000	        1.0000000000
        0.0551181102	        1.0000000000	        1.0000000000	        1.0000000000
        0.0866141732	        1.0000000000	        1.0000000000	        1.0000000000
        0.1181102362	        1.0000000000	        1.0000000000	        1.0000000000
        0.1496062992	        1.0000000000	        1.0000000000	        1.0000000000
        0.1811023622	        1.0000000000	        1.0000000000	        1.0000000000
        0.2125984252	        1.0000000000	        1.0000000000	        1.0000000000
        0.2440944882	        1.0000000000	        1.0000000000	        1.0000000000
        0.2755905512	        1.0000000000	        1.0000000000	        1.0000000000
        0.3070866142	        1.0000000000	        1.0000000000	        1.0000000000
        0.3385826772	        1.0000000000	        1.0000000000	        1.0000000000
        0.3700787402	        1.0000000000	        1.0000000000	        1.0000000000
        0.4015748031	        1.0000000000	        1.0000000000	        1.0000000000
        0.4330708661	        1.0000000000	        1.0000000000	        1.0000000000
        0.4645669291	        1.0000000000	        1.0000000000	        1.0000000000
        0.4960629921	        1.0000000000	        1.0000000000	        1.0000000000
        0.5275590551	        1.0000000000	        1.0000000000	        1.0000000000
        0.5590551181	        1.0000000000	        1.0000000000	        1.0000000000
        0.5905511811	        1.0000000000	        1.0000000000	        1.0000000000
        0.6220472441	        1.0000000000	        1.0000000000	        1.0000000000
        0.6535433071	        1.0000000000	        1.0000000000	        1.0000000000
        0.6850393701	        1.0000000000	        1.0000000000	        1.0000000000
        0.7165354331	        1.0000000000	        1.0000000000	        1.0000000000
        0.7480314961	        1.0000000000	        1.0000000000	        1.0000000000
        0.7795275591	        1.0000000000	        1.0000000000	        1.0000000000
        0.8110236220	        1.0000000000	        1.0000000000	        1.0000000000
        0.8425196850	        1.0000000000	        1.0000000000	        1.0000000000
        0.8740157480	        1.0000000000	        1.0000000000	        1.0000000000
        0.9055118110	        1.0000000000	        1.0000000000	        1.0000000000
        0.9370078740	        1.0000000000	        1.0000000000	        1.0000000000
        0.9685039370	        1.0000000000	        1.0000000000	        1.0000000000
        1.0000000000	        1.0000000000	        1.0000000000	        1.0000000000
        1.0000000000	        1.0000000000	        1.0000000000	        1.0000000000
        1.0000000000	        1.0000000000	        0.9685039370	        1.0000000000
        1.0000000000	        1.0000000000	        0.9370078740	        1.0000000000
        1.0000000000	        1.0000000000	        0.9055118110	        1.0000000000
        1.0000000000	        1.0000000000	        0.8740157480	        1.0000000000
        1.0000000000	        1.0000000000	        0.8425196850	        1.0000000000
        1.0000000000	        1.0000000000	        0.8110236220	        1.0000000000
        1.0000000000	        1.0000000000	        0.7795275591	        1.0000000000
        1.0000000000	        1.0000000000	        0.7480314961	        1.0000000000
        1.0000000000	        1.0000000000	        0.7165354331	        1.0000000000
        1.0000000000	        1.0000000000	        0.6850393701	        1.0000000000
        1.0000000000	        1.0000000000	        0.6535433071	        1.0000000000
        1.0000000000	        1.0000000000	        0.6220472441	        1.0000000000
        1.0000000000	        1.0000000000	        0.5905511811	        1.0000000000
        1.0000000000	        1.0000000000	        0.5590551181	        1.0000000000
        1.0000000000	        1.0000000000	        0.5275590551	        1.0000000000
        1.0000000000	        1.0000000000	        0.4960629921	        1.0000000000
        1.0000000000	        1.0000000000	        0.4645669291	        1.0000000000
        1.0000000000	        1.0000000000	        0.4330708661	        1.0000000000
        1.0000000000	        1.0000000000	        0.4015748031	        1.0000000000
        1.0000000000	        1.0000000000	        0.3700787402	        1.0000000000
        1.0000000000	        1.0000000000	        0.3385826772	        1.0000000000
        1.0000000000	        1.0000000000	        0.3070866142	        1.0000000000
        1.0000000000	        1.0000000000	        0.2755905512	        1.0000000000
        1.0000000000	        1.0000000000	        0.2440944882	        1.0000000000
        1.0000000000	        1.0000000000	        0.2125984252	        1.0000000000
        1.0000000000	        1.0000000000	        0.1811023622	        1.0000000000
        1.0000000000	        1.0000000000	        0.1496062992	        1.0000000000
        1.0000000000	        1.0000000000	        0.1181102362	        1.0000000000
        1.0000000000	        1.0000000000	        0.0866141732	        1.0000000000
        1.0000000000	        1.0000000000	        0.0551181102	        1.0000000000
        1.0000000000	        1.0000000000	        0.0236220472	        1.0000000000
        1.0000000000	        0.9960629921	        0.0000000000	        1.0000000000
        1.0000000000	        0.9803149606	        0.0000000000	        1.0000000000
        1.0000000000	        0.9645669291	        0.0000000000	        1.0000000000
        1.0000000000	        0.9488188976	        0.0000000000	        1.0000000000
        1.0000000000	        0.9330708661	        0.0000000000	        1.0000000000
        1.0000000000	        0.9173228346	        0.0000000000	        1.0000000000
        1.0000000000	        0.9015748031	        0.0000000000	        1.0000000000
        1.0000000000	        0.8858267717	        0.0000000000	        1.0000000000
        1.0000000000	        0.8700787402	        0.0000000000	        1.0000000000
        1.0000000000	        0.8543307087	        0.0000000000	        1.0000000000
        1.0000000000	        0.8385826772	        0.0000000000	        1.0000000000
        1.0000000000	        0.8228346457	        0.0000000000	        1.0000000000
        1.0000000000	        0.8070866142	        0.0000000000	        1.0000000000
        1.0000000000	        0.7913385827	        0.0000000000	        1.0000000000
        1.0000000000	        0.7755905512	        0.0000000000	        1.0000000000
        1.0000000000	        0.7598425197	        0.0000000000	        1.0000000000
        1.0000000000	        0.7440944882	        0.0000000000	        1.0000000000
        1.0000000000	        0.7283464567	        0.0000000000	        1.0000000000
        1.0000000000	        0.7125984252	        0.0000000000	        1.0000000000
        1.0000000000	        0.6968503937	        0.0000000000	        1.0000000000
        1.0000000000	        0.6811023622	        0.0000000000	        1.0000000000
        1.0000000000	        0.6653543307	        0.0000000000	        1.0000000000
        1.0000000000	        0.6496062992	        0.0000000000	        1.0000000000
        1.0000000000	        0.6338582677	        0.0000000000	        1.0000000000
        1.0000000000	        0.6181102362	        0.0000000000	        1.0000000000
        1.0000000000	        0.6023622047	        0.0000000000	        1.0000000000
        1.0000000000	        0.5866141732	        0.0000000000	        1.0000000000
        1.0000000000	        0.5708661417	        0.0000000000	        1.0000000000
        1.0000000000	        0.5551181102	        0.0000000000	        1.0000000000
        1.0000000000	        0.5393700787	        0.0000000000	        1.0000000000
        1.0000000000	        0.5236220472	        0.0000000000	        1.0000000000
        1.0000000000	        0.5078740157	        0.0000000000	        1.0000000000
        1.0000000000	        0.4921259843	        0.0000000000	        1.0000000000
        1.0000000000	        0.4763779528	        0.0000000000	        1.0000000000
        1.0000000000	        0.4606299213	        0.0000000000	        1.0000000000
        1.0000000000	        0.4448818898	        0.0000000000	        1.0000000000
        1.0000000000	        0.4291338583	        0.0000000000	        1.0000000000
        1.0000000000	        0.4133858268	        0.0000000000	        1.0000000000
        1.0000000000	        0.3976377953	        0.0000000000	        1.0000000000
        1.0000000000	        0.3818897638	        0.0000000000	        1.0000000000
        1.0000000000	        0.3661417323	        0.0000000000	        1.0000000000
        1.0000000000	        0.3503937008	        0.0000000000	        1.0000000000
        1.0000000000	        0.3346456693	        0.0000000000	        1.0000000000
        1.0000000000	        0.3188976378	        0.0000000000	        1.0000000000
        1.0000000000	        0.3031496063	        0.0000000000	        1.0000000000
        1.0000000000	        0.2874015748	        0.0000000000	        1.0000000000
        1.0000000000	        0.2716535433	        0.0000000000	        1.0000000000
        1.0000000000	        0.2559055118	        0.0000000000	        1.0000000000
        1.0000000000	        0.2401574803	        0.0000000000	        1.0000000000
        1.0000000000	        0.2244094488	        0.0000000000	        1.0000000000
        1.0000000000	        0.2086614173	        0.0000000000	        1.0000000000
        1.0000000000	        0.1929133858	        0.0000000000	        1.0000000000
        1.0000000000	        0.1771653543	        0.0000000000	        1.0000000000
        1.0000000000	        0.1614173228	        0.0000000000	        1.0000000000
        1.0000000000	        0.1456692913	        0.0000000000	        1.0000000000
        1.0000000000	        0.1299212598	        0.0000000000	        1.0000000000
        1.0000000000	        0.1141732283	        0.0000000000	        1.0000000000
        1.0000000000	        0.0984251969	        0.0000000000	        1.0000000000
        1.0000000000	        0.0826771654	        0.0000000000	        1.0000000000
        1.0000000000	        0.0669291339	        0.0000000000	        1.0000000000
        1.0000000000	        0.0511811024	        0.0000000000	        1.0000000000
        1.0000000000	        0.0354330709	        0.0000000000	        1.0000000000
        1.0000000000	        0.0196850394	        0.0000000000	        1.0000000000
        1.0000000000	        0.0039370079	        0.0000000000	        1.0000000000
        0.9881889764	        0.0000000000	        0.0000000000	        1.0000000000
        0.9724409449	        0.0000000000	        0.0000000000	        1.0000000000
        0.9566929134	        0.0000000000	        0.0000000000	        1.0000000000
        0.9409448819	        0.0000000000	        0.0000000000	        1.0000000000
        0.9251968504	        0.0000000000	        0.0000000000	        1.0000000000
        0.9094488189	        0.0000000000	        0.0000000000	        1.0000000000
        0.8937007874	        0.0000000000	        0.0000000000	        1.0000000000
        0.8779527559	        0.0000000000	        0.0000000000	        1.0000000000
        0.8622047244	        0.0000000000	        0.0000000000	        1.0000000000
        0.8464566929	        0.0000000000	        0.0000000000	        1.0000000000
        0.8307086614	        0.0000000000	        0.0000000000	        1.0000000000
        0.8149606299	        0.0000000000	        0.0000000000	        1.0000000000
        0.7992125984	        0.0000000000	        0.0000000000	        1.0000000000
        0.7834645669	        0.0000000000	        0.0000000000	        1.0000000000
        0.7677165354	        0.0000000000	        0.0000000000	        1.0000000000
        0.7519685039	        0.0000000000	        0.0000000000	        1.0000000000
        0.7362204724	        0.0000000000	        0.0000000000	        1.0000000000
        0.7204724409	        0.0000000000	        0.0000000000	        1.0000000000
        0.7047244094	        0.0000000000	        0.0000000000	        1.0000000000
        0.6889763780	        0.0000000000	        0.0000000000	        1.0000000000
        0.6732283465	        0.0000000000	        0.0000000000	        1.0000000000
        0.6574803150	        0.0000000000	        0.0000000000	        1.0000000000
        0.6417322835	        0.0000000000	        0.0000000000	        1.0000000000
        0.6259842520	        0.0000000000	        0.0000000000	        1.0000000000
        0.6102362205	        0.0000000000	        0.0000000000	        1.0000000000
        0.5944881890	        0.0000000000	        0.0000000000	        1.0000000000
        0.5787401575	        0.0000000000	        0.0000000000	        1.0000000000
        0.5629921260	        0.0000000000	        0.0000000000	        1.0000000000
        0.5472440945	        0.0000000000	        0.0000000000	        1.0000000000
        0.5314960630	        0.0000000000	        0.0000000000	        1.0000000000
        0.5157480315	        0.0000000000	        0.0000000000	        1.0000000000
        0.5000000000	        0.0000000000	        0.0000000000	        1.0000000000
