	#a colormap generated with the BWR.m script written by Maosheng He from Leibniz Institute of Atmospheric Physics.
        0.0000000000	        0.0000000000	        0.5000000000	        1.0000000000
        0.0000000000	        0.0000000000	        0.5645161290	        1.0000000000
        0.0000000000	        0.0000000000	        0.6290322581	        1.0000000000
        0.0000000000	        0.0000000000	        0.6935483871	        1.0000000000
        0.0000000000	        0.0000000000	        0.7580645161	        1.0000000000
        0.0000000000	        0.0000000000	        0.8225806452	        1.0000000000
        0.0000000000	        0.0000000000	        0.8870967742	        1.0000000000
        0.0000000000	        0.0000000000	        0.9516129032	        1.0000000000
        0.0000000000	        0.0161290323	        1.0000000000	        1.0000000000
        0.0000000000	        0.0806451613	        1.0000000000	        1.0000000000
        0.0000000000	        0.1451612903	        1.0000000000	        1.0000000000
        0.0000000000	        0.2096774194	        1.0000000000	        1.0000000000
        0.0000000000	        0.2741935484	        1.0000000000	        1.0000000000
        0.0000000000	        0.3387096774	        1.0000000000	        1.0000000000
        0.0000000000	        0.4032258065	        1.0000000000	        1.0000000000
        0.0000000000	        0.4677419355	        1.0000000000	        1.0000000000
        0.0000000000	        0.5322580645	        1.0000000000	        1.0000000000
        0.0000000000	        0.5967741935	        1.0000000000	        1.0000000000
        0.0000000000	        0.6612903226	        1.0000000000	        1.0000000000
        0.0000000000	        0.7258064516	        1.0000000000	        1.0000000000
        0.0000000000	        0.7903225806	        1.0000000000	        1.0000000000
        0.0000000000	        0.8548387097	        1.0000000000	        1.0000000000
        0.0000000000	        0.9193548387	        1.0000000000	        1.0000000000
        0.0000000000	        0.9838709677	        1.0000000000	        1.0000000000
        0.0967741935	        1.0000000000	        1.0000000000	        1.0000000000
        0.2258064516	        1.0000000000	        1.0000000000	        1.0000000000
        0.3548387097	        1.0000000000	        1.0000000000	        1.0000000000
        0.4838709677	        1.0000000000	        1.0000000000	        1.0000000000
        0.6129032258	        1.0000000000	        1.0000000000	        1.0000000000
        0.7419354839	        1.0000000000	        1.0000000000	        1.0000000000
        0.8709677419	        1.0000000000	        1.0000000000	        1.0000000000
        1.0000000000	        1.0000000000	        1.0000000000	        1.0000000000
        1.0000000000	        1.0000000000	        1.0000000000	        1.0000000000
        1.0000000000	        1.0000000000	        0.8709677419	        1.0000000000
        1.0000000000	        1.0000000000	        0.7419354839	        1.0000000000
        1.0000000000	        1.0000000000	        0.6129032258	        1.0000000000
        1.0000000000	        1.0000000000	        0.4838709677	        1.0000000000
        1.0000000000	        1.0000000000	        0.3548387097	        1.0000000000
        1.0000000000	        1.0000000000	        0.2258064516	        1.0000000000
        1.0000000000	        1.0000000000	        0.0967741935	        1.0000000000
        1.0000000000	        0.9838709677	        0.0000000000	        1.0000000000
        1.0000000000	        0.9193548387	        0.0000000000	        1.0000000000
        1.0000000000	        0.8548387097	        0.0000000000	        1.0000000000
        1.0000000000	        0.7903225806	        0.0000000000	        1.0000000000
        1.0000000000	        0.7258064516	        0.0000000000	        1.0000000000
        1.0000000000	        0.6612903226	        0.0000000000	        1.0000000000
        1.0000000000	        0.5967741935	        0.0000000000	        1.0000000000
        1.0000000000	        0.5322580645	        0.0000000000	        1.0000000000
        1.0000000000	        0.4677419355	        0.0000000000	        1.0000000000
        1.0000000000	        0.4032258065	        0.0000000000	        1.0000000000
        1.0000000000	        0.3387096774	        0.0000000000	        1.0000000000
        1.0000000000	        0.2741935484	        0.0000000000	        1.0000000000
        1.0000000000	        0.2096774194	        0.0000000000	        1.0000000000
        1.0000000000	        0.1451612903	        0.0000000000	        1.0000000000
        1.0000000000	        0.0806451613	        0.0000000000	        1.0000000000
        1.0000000000	        0.0161290323	        0.0000000000	        1.0000000000
        0.9516129032	        0.0000000000	        0.0000000000	        1.0000000000
        0.8870967742	        0.0000000000	        0.0000000000	        1.0000000000
        0.8225806452	        0.0000000000	        0.0000000000	        1.0000000000
        0.7580645161	        0.0000000000	        0.0000000000	        1.0000000000
        0.6935483871	        0.0000000000	        0.0000000000	        1.0000000000
        0.6290322581	        0.0000000000	        0.0000000000	        1.0000000000
        0.5645161290	        0.0000000000	        0.0000000000	        1.0000000000
        0.5000000000	        0.0000000000	        0.0000000000	        1.0000000000
